0.0 1.0 0.0 -0.5 0.0
0.040032025620496396 0.997104574636 -0.144550941805 -0.497558282235 0.121900876368
0.08006405124099279 0.988443623687 -0.287838180974 -0.490254297081 0.242745372582
0.1200960768614892 0.974092480228 -0.428624875503 -0.478151038599 0.361498237616
0.16012810248198558 0.95417531999 -0.565726784315 -0.461352430885 0.477165612988
0.200160128102482 0.92886208828 -0.698034861574 -0.440000885013 0.588812842401
0.2401921537229784 0.898365334681 -0.824534123225 -0.414274817814 0.695579378696
0.28022417934347477 0.862936208497 -0.94431747067 -0.384385493251 0.796689762421
0.32025620496397117 0.822859680948 -1.05659559121 -0.350573251922 0.891461564643
0.3602882305844676 0.778450020799 -1.16069919149 -0.31310393322 0.97930733625
0.400320256204964 0.730045875565 -1.25607826084 -0.272264978664 1.05973427537
0.4403522818254604 0.678005613816 -1.34229596059 -0.228361729739 1.13233971118
0.4803843074459568 0.622703004779 -1.41901882622 -0.18171397757 1.19680373816
0.5204163330664532 0.564523215259 -1.48600506814 -0.132652752115 1.25288038336
0.5604483586869495 0.503859595425 -1.5430886711 -0.0815177062638 1.3003855465
0.600480384307446 0.441110825656 -1.59016591382 -0.0286547761071 1.33918684416
0.6405124099279423 0.376678760656 -1.62718018263 0.0255856347605 1.36919217356
0.6805444355484388 0.310966777255 -1.65410877795 0.0808500938423 1.39033987541
0.7205764611689351 0.244378690127 -1.67095137728 0.136783156445 1.40259025451
0.7606084867894315 0.177318033958 -1.67772101928 0.193028116529 1.40591909757
0.800640512409928 0.11018766377 -1.674438237 0.249227533234 1.40031370069
0.8406725380304243 0.0433895014877 -1.66112878647 0.305023667959 1.38577176883
0.8807045636509208 -0.0226756682718 -1.63782433738 0.360058911322 1.36230263889
0.9207365892714171 -0.0876085324955 -1.60456684106 0.413976340687 1.32993140694
0.9607686148919136 -0.151011778294 -1.56141585627 0.466420456915 1.28870536456
1.00080064051241 -0.212490977382 -1.50845837334 0.517038219231 1.23870234466
1.0408326661329064 -0.271655935759 -1.44582115333 0.56548048485 1.18004101038
1.0808646917534028 -0.328122559951 -1.37368427543 0.611403869316 1.11289198479
1.120896717373899 -0.381515263668 -1.29229513012 0.654473045846 1.03748920331
1.1609287429943955 -0.431469941208 -1.20198207923 0.694363504129 0.95414085148
1.200960768614892 -0.477637457843 -1.10316668309 0.730764719003 0.863238988542
1.2409927942353882 -0.519687588365 -0.996373546507 0.763383668218 0.765267086197
1.2810248198558847 -0.557313349931 -0.882236853177 0.791948652673 0.660804719712
1.3210568454763811 -0.590235299462 -0.761502696693 0.816213047457 0.550528743794
1.3610888710968776 -0.618206052289 -0.635026904324 0.835959215484 0.435210649614
1.4011208967173738 -0.641014604242 -0.503767969491 0.851002222602 0.31570984923
1.4411529223378703 -0.658490092444 -0.368775233282 0.861193047108 0.192963061879
1.4811849479583667 -0.670505426302 -0.231171151937 0.866421659943 0.0679687160633
1.521216973578863 -0.676979454923 -0.0921317802471 0.866618841387 -0.05822993225
1.5612489991993594 -0.677878810732 0.0471370745944 0.861757713717 -0.184565337732
1.601281024819856 -0.673218571278 0.185424663432 0.851854260782 -0.309966895098
1.6413130504403524 -0.663061940771 0.321540605193 0.836967009704 -0.43338253166
1.6813450760608486 -0.647519010442 0.454338339034 0.817195929036 -0.553798679891
1.721377101681345 -0.626744470077 0.58273854705 0.792680429354 -0.670260216326
1.7614091273018415 -0.600934588011 0.705745890693 0.763596747035 -0.781884730118
1.801441152922338 -0.570323553057 0.82246367297 0.730154778881 -0.887875071386
1.8414731785428342 -0.535179308611 0.932102996495 0.69259448194 -0.987527271151
1.8815052041633307 -0.495799144022 1.0339867848 0.651182059832 -1.08023416132
1.9215372297838271 -0.452505220649 1.12755020835 0.606206086669 -1.16548597976
1.9615692554043234 -0.405640171242 1.21233505859 0.557973678882 -1.24286590337
2.00160128102482 -0.355562856785 1.28798016896 0.506806789054 -1.31204225959
2.0416333066453163 -0.302644943788 1.35421232737 0.453039183817 -1.37276112556
2.0816653322658127 -0.247267472621 1.41083213813 0.3970134001 -1.42483466779
2.121697357886309 -0.189818185394 1.45770016177 0.33907833363 -1.46812968262
2.1617293835068057 -0.130689477762 1.49472356186 0.279587345443 -1.50255651281
2.2017614091273017 -0.0702767165415 1.52184329204 0.21889667034 -1.52805835202
2.241793434747798 -0.00897716542436 1.53902310756 0.15736433455 -1.54460202249
2.2818254603682946 0.052810787289 1.54624125861 0.0953493301263 -1.55217094187
2.321857485988791 0.114688079299 1.54348512229 0.0332110617674 -1.55076047064
2.3618895116092875 0.176255279239 1.53074864769 -0.0286910770999 -1.54037556423
2.401921537229784 0.237112855292 1.50803337682 -0.0899980874945 -1.52103134998
2.4419535628502804 0.296861559963 1.47535279779 -0.150351836108 -1.49275645033
2.4819855884707764 0.355103054333 1.43273969037 -0.209395710191 -1.45559874999
2.522017614091273 0.411440844005 1.38025578586 -0.266775504421 -1.40963303078
2.5620496397117694 0.465481645074 1.31800363527 -0.322140662733 -1.35497049221
2.602081665332266 0.516837363063 1.24614130377 -0.375146044931 -1.29177067822
2.6421136909527623 0.565127626647 1.16489636338 -0.42545410498 -1.22025271675
2.6821457165732587 0.609982718818 1.07457854701 -0.472737363968 -1.14070546743
2.722177742193755 0.651047200312 0.975593116606 -0.516681497074 -1.05349841612
2.762209767814251 0.687983943916 0.868450774691 -0.556988728367 -0.959089701357
2.8022417934347477 0.720478358032 0.753774624019 -0.5933813775 -0.858031757537
2.842273819055244 0.748243344477 0.632303376601 -0.625606016122 -0.750973914318
2.8823058446757406 0.771023663525 0.504889016171 -0.653437126769 -0.638660483256
2.922337870296237 0.788600181447 0.37248949294 -0.676680666663 -0.521924791796
2.9623698959167335 0.80079413544 0.236157721254 -0.695177655214 -0.401680181761
3.00240192153723 0.807470473483 0.097023588044 -0.708806997111 -0.278905268123
3.042433947157726 0.80854065161 -0.0437252536465 -0.717487863088 -0.154628176793
3.0824659727782224 0.803964378813 -0.184868012911 -0.721181204759 -0.0299062797278
3.122497998398719 0.79375050459 -0.325175714719 -0.719890563088 0.0941944007739
3.1625300240192153 0.777956799072 -0.463437365086 -0.713661961541 0.216620874934
3.202562049639712 0.756688734937 -0.598484815307 -0.702582969605 0.336353899875
3.2425940752602083 0.73009730934 -0.72921546661 -0.686780964069 0.452427032524
3.2826261008807047 0.698376009782 -0.854611371251 -0.666420668138 0.563942836945
3.322658126501201 0.661757129899 -0.97375413829 -0.641701134415 0.670085748364
3.362690152121697 0.620507450157 -1.08583503881 -0.612852177604 0.770131107651
3.4027221777421937 0.574924056507 -1.19015944198 -0.580130894821 0.863449537914
3.44275420336269 0.525329463823 -1.28614730217 -0.543817578727 0.949508227668
3.4827862289831866 0.472067210014 -1.37332842835 -0.504211985014 1.02786787589
3.522818254603683 0.415497456178 -1.45133360755 -0.461629563231 1.09817627196
3.5628502802241795 0.355993609608 -1.5198843347 -0.416398521025 1.16016056244
3.602882305844676 0.293938361123 -1.57877796048 -0.368856334432 1.21361590521
3.642914331465172 0.229721173661 -1.62787364349 -0.319347450807 1.25839452052
3.6829463570856684 0.163736285898 -1.66707868728 -0.268221395874 1.2943949457
3.722978382706165 0.0963809211952 -1.69633483233 -0.215831018457 1.32155121101
3.7630104083266613 0.0280541265338 -1.71560653486 -0.162531241344 1.33982348575
3.803042433947158 -0.0408439246342 -1.72487174827 -0.108678185948 1.34919062557
3.8430744595676543 -0.109912342526 -1.72411559278 -0.0546285313348 1.34964495174
3.8831064851881507 -0.178749723167 -1.71332733858 -0.000739047978493 1.34118960629
3.9231385108086467 -0.246954316837 -1.69250078673 0.052633831691 1.32383855458
3.963170536429143 -0.314124288682 -1.6616382642 0.105134501663 1.29761941058
4.00320256204964 -0.379858169322 -1.620757152 0.156408809889 1.26257824132
4.0432345876701365 -0.443755639348 -1.5698998271 0.206104933039 1.21878703431
4.083266613290633 -0.505418778502 -1.50914628572 0.253874601019 1.16635325163
4.123298638911129 -0.564453851522 -1.43862812348 0.299374729187 1.10543042846
4.1633306645316255 -0.620473669525 -1.35854319551 0.342269487404 1.03622927772
4.2033626901521215 -0.673100536768 -1.26917023901 0.382232811638 0.959028732297
4.243394715772618 -0.7219697641 -1.17088250125 0.418951341858 0.874186170359
4.283426741393114 -0.766733690522 -1.064159241 0.45212773906 0.782145935108
4.323458767013611 -0.807066107071 -0.94959403745 0.481484297179 0.683445314442
4.363490792634107 -0.842666935747 -0.827899079073 0.506766732974 0.57871733416
4.403522818254603 -0.873266986518 -0.699904924006 0.527748014953 0.468689979392
4.4435548438751 -0.898632602754 -0.566554610939 0.54423207792 0.354180966624
4.483586869495596 -0.918569988284 -0.428892440597 0.556057263235 0.236088336102
4.523618895116093 -0.932928903673 -0.288048897712 0.563099245438 0.115378037175
4.563650920736589 -0.941605785428 -0.145220584771 0.565273480488 -0.00693237547543
4.603682946357086 -0.944545845061 -0.00164576845583 0.562536827627 -0.129793438063
4.643714971977582 -0.941744297373 0.141420942582 0.554888475203 -0.252144107447
4.683746997598078 -0.933246453673 0.28273536017 0.542369955552 -0.372933151595
4.723779023218575 -0.919146763395 0.421090051337 0.525064320187 -0.491140134769
4.763811048839071 -0.899586917785 0.555338602785 0.503094569174 -0.605794712581
4.803843074459568 -0.87475294513 0.684416572049 0.47662127929 -0.715993252039
4.843875100080064 -0.844871530854 0.80735822356 0.445839617585 -0.820912079125
4.883907125700561 -0.810205816238 0.923308410024 0.410975942995 -0.919816865613
4.923939151321057 -0.771050845124 1.0315292492 0.372284130395 -1.01206789107
4.963971176941553 -0.727728826968 1.13140159187 0.330041750008 -1.09712118791
5.00400320256205 -0.680584427347 1.22242189486 0.284546268736 -1.17452606726
5.044035228182546 -0.629980267665 1.30419471489 0.236111416519 -1.2439192091
5.084067253803043 -0.576292807707 1.3764220024 0.185063853729 -1.3050162604
5.124099279423539 -0.519908716008 1.43889004891 0.131740220745 -1.35760162613
5.164131305044036 -0.461221766015 1.49145520153 0.0764845979101 -1.40151733807
5.204163330664532 -0.400630275407 1.53402932102 0.0196463875164 -1.43665177901
5.244195356285028 -0.33853521318 1.56656568947 -0.0384212875463 -1.46292884032
5.2842273819055245 -0.275338894119 1.58904658922 -0.0973627341719 -1.4802984748
5.324259407526021 -0.211443903042 1.60147331617 -0.156820672727 -1.48872922781
5.3642914331465175 -0.147252482931 1.60385858683 -0.216436872732 -1.48820274364
5.4043234587670135 -0.0831662336371 1.59622237702 -0.275852567331 -1.47871106347
5.44435548438751 -0.0195858437879 1.57859068226 -0.33470886236 -1.4602562798
5.484387510008006 0.0430892097447 1.55099785903 -0.392647198859 -1.4328530745
5.524419535628502 0.104461085611 1.51349240146 -0.449309942958 -1.39653401416
5.564451561248999 0.164134295035 1.46614553907 -0.504341236808 -1.3513570879
5.604483586869495 0.221716825097 1.40906210113 -0.557388199189 -1.29741502137
5.644515612489992 0.276821740516 1.34239313023 -0.608102532405 -1.23484593015
5.684547638110488 0.329069308069 1.26634955449 -0.656142568617 -1.16384473524
5.724579663730985 0.378089668338 1.18121600631 -0.701175771342 -1.08467458325
5.764611689351481 0.423526047394 1.08736376625 -0.742881680741 -0.997677425467
5.804643714971977 0.465038455965 0.985261826485 -0.78095525441 -0.903282924868
5.844675740592474 0.502307779244 0.87548513732 -0.815110519129 -0.802014919035
5.88470776621297 0.535040124728 0.758719197213 -0.845084419623 -0.694494750232
5.924739791833467 0.562971265864 0.635760595063 -0.870640727351 -0.581441153217
5.964771817453963 0.585871044398 0.507512191416 -0.891573888393 -0.463665604434
6.00480384307446 0.603547430061 0.374972552678 -0.907712555622 -0.34206283173
6.044835868694956 0.615850010978 0.239223648474 -0.91892263129 -0.217599874414
6.084867894315452 0.622673083473 0.101411244667 -0.925109935646 -0.0912989905594
6.124899919935949 0.6239577142 -0.0372763643533 -0.926221993149 0.0357808081737
6.164931945556445 0.619693000814 -0.175632989136 -0.922249120711 0.162565062819
6.204963971176942 0.609916255757 -0.312459228629 -0.913224586096 0.287985190167
6.244995996797438 0.594712268012 -0.446587142403 -0.899223969587 0.41099980623
6.285028022417935 0.574211556111 -0.576903489299 -0.880363653081 0.530614855073
6.325060048038431 0.548587747893 -0.702369735298 -0.856798551091 0.645901023299
6.365092073658927 0.518054390932 -0.822037739452 -0.828719343639 0.756007505727
6.405124099279424 0.48286078304 -0.935063013309 -0.796348850399 0.860173808269
6.44515612489992 0.443287965186 -1.04070960592 -0.759938530433 0.957734391477
6.4851881505204165 0.399644197493 -1.13835296727 -0.719764515741 1.04812168479
6.5252201761409125 0.352260546422 -1.22747708853 -0.676123718059 1.13086421909
6.5652522017614094 0.30148668857 -1.30766764396 -0.629330095867 1.20558135207
6.6052842273819055 0.247686956043 -1.37860276091 -0.579711111084 1.27197594668
6.645316253002402 0.191236962496 -1.44003999288 -0.527604649247 1.32982374369
6.685348278622898 0.132520654049 -1.49180255771 -0.473356289832 1.37896203987
6.725380304243394 0.071927977509 -1.53376647388 -0.417317093732 1.41927900993
6.765412329863891 0.00985299419356 -1.56584701671 -0.359841755352 1.45070232145
6.805444355484387 -0.0533074289559 -1.58798663969 -0.301287243195 1.47318886722
6.845476381104884 -0.11715448039 -1.60014544421 -0.242011825391 1.48671650437
6.88550840672538 -0.181288002758 -1.60229433525 -0.182374329396 1.4912779128
6.925540432345877 -0.245306816471 -1.594410989 -0.122733649199 1.48687669697
6.965572457966373 -0.308808936034 -1.57647927062 -0.0634483650768 1.4735262631
7.005604483586869 -0.371391954534 -1.54849234585 -0.00487625342666 1.45125169081
7.045636509207366 -0.432653455361 -1.51045852231 0.0526261995058 1.42009380119
7.085668534827862 -0.492191791009 -1.4624100932 0.108704551714 1.38011570193
7.125700560448359 -0.549607274968 -1.40441499765 0.163007476207 1.33141160462
7.165732586068855 -0.604503877047 -1.33659019924 0.215188211865 1.27411708389
7.205764611689352 -0.656491475361 -1.25911609361 0.264906442392 1.20842022378
7.245796637309848 -0.705188679905 -1.17225102751 0.311830618912 1.13457291484
7.285828662930344 -0.750226220896 -1.07634499588 0.355640723069 1.05290155888
7.325860688550841 -0.791250886157 -0.97185163252 0.396031461168 0.963816472314
7.365892714171337 -0.827929849472 -0.859337151807 0.432715764139 0.867818922323
7.405924739791834 -0.859955297844 -0.73948558992 0.46542852361 0.765505265909
7.44595676541233 -0.887049178217 -0.613099503797 0.493930422532 0.657567516166
7.485988791032827 -0.908967873199 -0.481095650127 0.518011710401 0.544789945429
7.526020816653323 -0.92550659494 -0.344495465991 0.537495756211 0.428041570724
7.566052842273819 -0.936503213603 -0.204411074523 0.552242152139 0.30826508218
7.606084867894316 -0.941841855987 -0.0620242010085 0.562149645291 0.186460125352
7.646116893514812 -0.941454830305 0.0814346877621 0.567157725552 0.0636667167031
7.6861489191353085 -0.935324278841 0.224712942025 0.567248007559 -0.0590559027663
7.7261809447558045 -0.923482485543 0.366561956381 0.562444535911 -0.180650217067
7.766212970376301 -0.906011184701 0.505763792649 0.552813292533 -0.300081769188
7.806244995996797 -0.883039847583 0.641155757078 0.538460882322 -0.416358943329
7.8462770216172935 -0.854743010216 0.771652647411 0.519532446548 -0.528550979554
7.88630904723779 -0.821336782887 0.896264445324 0.496208909489 -0.635802441635
7.926341072858286 -0.783074790781 1.01410929908 0.468703755782 -0.737344011047
7.966373098478783 -0.740243647835 1.12442156624 0.437259416781 -0.832499414592
8.00640512409928 -0.693158243779 1.22655421104 0.402143484365 -0.920687912083
8.046437149719775 -0.642157035463 1.31997831081 0.363644913763 -1.00142450224
8.086469175340273 -0.587597373273 1.40427341935 0.322070208429 -1.07431291398
8.126501200960769 -0.529851414843 1.47911962882 0.277740068426 -1.13903990407
8.166533226581265 -0.469302346066 1.54428395251 0.230986246535 -1.19536505355
8.206565252201761 -0.406341173147 1.59960676613 0.182148839281 -1.24311056624
8.246597277822257 -0.341364070671 1.64498630881 0.131573993277 -1.28214952818
8.286629303442755 -0.274770383754 1.68036427137 0.079612111668 -1.31239497727
8.326661329063251 -0.206961131492 1.70571298601 0.0266164370326 -1.33379019297
8.366693354683747 -0.13833801504 1.72102418085 -0.0270579809035 -1.34630021013
8.406725380304243 -0.0693028582599 1.72630041489 -0.0810549919364 -1.3499054108
8.446757405924739 -0.000257203272502 1.72155038223 -0.135017943638 -1.34459814908
8.486789431545237 0.0683978121575 1.70678647108 -0.188590069804 -1.33038112102
8.526821457165733 0.136261644684 1.68202647309 -0.241414943385 -1.30726898829
8.566853482786229 0.202934649251 1.64729847313 -0.293137029818 -1.275292467
8.606885508406725 0.26801866131 1.60264901015 -0.343402472247 -1.23450493536
8.646917534027223 0.331117871771 1.54815297266 -0.39186008653 -1.18499032108
8.686949559647719 0.391840300263 1.48392738157 -0.438162889267 -1.1268742929
8.726981585268215 0.449799684868 1.4101445027 -0.481969897771 -1.06033421957
8.76701361088871 0.504618022489 1.3270468386 -0.522948471774 -0.985611086082
8.807045636509207 0.555928641589 1.23496078955 -0.560777055768 -0.903019977345
8.847077662129704 0.603379757434 1.13430927861 -0.595148294197 -0.812959683882
8.8871096877502 0.646638697045 1.02562178507 -0.625772664094 -0.715920082362
8.927141713370697 0.685396419318 0.909541573492 -0.652382325888 -0.612487204377
8.967173738991193 0.719371682846 0.786825924477 -0.674734603399 -0.503342684455
9.007205764611689 0.748315897203 0.658344774976 -0.692616055958 -0.389261755106
9.047237790232186 0.772017427503 0.525072790705 -0.705846035548 -0.271106007449
9.087269815852682 0.79030559593 0.388077215254 -0.714279976391 -0.14981274789
9.127301841473178 0.803053942501 0.248499120073 -0.717812041595 -0.0263790657703
9.167333867093674 0.810182897089 0.107533837133 -0.716377283325 0.0981547115349
9.207365892714172 0.811661351811 -0.0335943393487 -0.709952867156 0.222726096988
9.247397918334668 0.807507410228 -0.17365709332 -0.698558621497 0.346271167224
9.287429943955164 0.797787980047 -0.311448297141 -0.682256623771 0.467746206115
9.32746196957566 0.782617403069 -0.445808490143 -0.661149995354 0.586147859777
9.367493995196156 0.762155109662 -0.575647319203 -0.635380892795 0.700531560208
9.407526020816654 0.736602495728 -0.699961764079 -0.605127863519 0.810026453646
9.44755804643715 0.706199083742 -0.817850514842 -0.570602613182 0.913847158036
9.487590072057646 0.671218400094 -0.928522910289 -0.532046545708 1.01130106175
9.527622097678142 0.631963166223 -1.03130372769 -0.48972673361 1.10179223399
9.567654123298638 0.588760905506 -1.12563178401 -0.443932239191 1.18482028987
9.607686148919136 0.541959406489 -1.21105505621 -0.394970310588 1.25997643523
9.647718174539632 0.491922502859 -1.28722190958 -0.343162836758 1.32693635367
9.687750200160128 0.43902630976 -1.35386944545 -0.288843172085 1.38545077293
9.727782225780624 0.38365586816 -1.41081040646 -0.232353291391 1.43533487473
9.767814251401122 0.326202461624 -1.45791889865 -0.174041488129 1.47645677391
9.807846277021618 0.267061374114 -1.49511631103 -0.114260427954 1.50872617909
9.847878302642114 0.206630347829 -1.52235841316 -0.0533657654273 1.53208404699
9.88791032826261 0.14530840639 -1.53962454725 0.00828494793849 1.54649396339
9.927942353883106 0.0834950225387 -1.54690853431 0.0703330817144 1.55193494235
9.967974379503604 0.0215898012338 -1.54421383443 0.132419337203 1.54839773161
10.0080064051241 -0.0400079672746 -1.53155037165 0.194184270051 1.53588247338
10.048038430744596 -0.100899547503 -1.50893571756 0.255268658496 1.51439999533
10.088070456365092 -0.16068709964 -1.47639882079 0.315313963136 1.48397496905
10.128102481985588 -0.218974316065 -1.43398764736 0.373963036767 1.44465259259
10.168134507606085 -0.275367393828 -1.38177909079 0.430861128212 1.39650692813
10.208166533226581 -0.32947622566 -1.31988919296 0.485657040664 1.33964924527
10.248198558847077 -0.380916410365 -1.24848829048 0.538005016902 1.2742409028
10.288230584467573 -0.429311836904 -1.16781546809 0.587567096228 1.2005053047
10.328262610088071 -0.474297236921 -1.07818890351 0.634015383066 1.11873620474
10.368294635708567 -0.515522095049 -0.980021751803 0.677035529928 1.02931102423
10.408326661329063 -0.55265469906 -0.873831487636 0.716330288625 0.932698408505
10.44835868694956 -0.585385971931 -0.760243762727 0.751622828703 0.829461082183
10.488390712570055 -0.613434153387 -0.639996816058 0.782660818286 0.720259385154
10.528422738190553 -0.636549437659 -0.513939051698 0.809220439349 0.605848971933
10.568454763811049 -0.654517628051 -0.383022914141 0.831109547128 0.48707545443
10.608486789431545 -0.667165007791 -0.248291607994 0.848171882193 0.36486296011
10.648518815052041 -0.674360941219 -0.110864000132 0.860289324085 0.24020125406
10.688550840672539 -0.676020895629 0.0280871517579 0.867384518418 0.114127179492
10.728582866293035 -0.672107919433 0.16735722843 0.869422179417 -0.012294104362
10.768614891913531 -0.662633509314 0.305735244259 0.866409876957 -0.137990861526
10.808646917534027 -0.647657326924 0.442029052819 0.858397839883 -0.26190632779
10.848678943154523 -0.627286030369 0.575088670988 0.845477999438 -0.383018731367
10.88871096877502 -0.60167102964 0.703830323992 0.827782112871 -0.500362052724
10.928742994395517 -0.571005522625 0.827252803262 0.805479253366 -0.613040339194
10.968775020016013 -0.535520879958 0.944452699804 0.778772733047 -0.720241200554
11.008807045636509 -0.495482510882 1.05463368793 0.747896558766 -0.821244349151
11.048839071257005 -0.451185477643 1.15711067495 0.713111644184 -0.915425877823
11.088871096877503 -0.402950050078 1.25131068803 0.674701949968 -1.00225980482
11.128903122497999 -0.351117279944 1.33676658704 0.632970590023 -1.08131359554
11.168935148118495 -0.296044846226 1.41310861286 0.588236144879 -1.15224182688
11.20896717373899 -0.238103546307 1.48005426513 0.540829494178 -1.21477834624
11.248999199359488 -0.177673946981 1.53739473792 0.491090749758 -1.26872546083
11.289031224979984 -0.115143707334 1.58498066093 0.439366733776 -1.31394243045
11.32906325060048 -0.0509055415859 1.62270841448 0.386008979806 -1.3503342837
11.369095276220976 0.0146444079219 1.65050737416 0.331372069603 -1.3778412424
11.409127301841473 0.0811076345071 1.66832860388 0.2758124386 -1.39642920629
11.44915932746197 0.148083943943 1.67613626809 0.219687512203 -1.406082342
11.489191353082466 0.215171899912 1.67390227908 0.163355049406 -1.40679818623
11.529223378702962 0.281969040539 1.66160357198 0.107172696492 -1.39858480215
11.569255404323458 0.348072089146 1.6392231303 0.0514975747755 -1.38146091273
11.609287429943954 0.413077277874 1.6067543349 -0.00331420265376 -1.3554586428
11.649319455564452 0.476580903344 1.56420854081 -0.0569081621365 -1.32062885043
11.689351481184948 0.53818024475 1.51162544484 -0.108932363241 -1.27704868381
11.729383506805444 0.597474944492 1.44908571928 -0.15903863338 -1.22483095767
11.76941553242594 0.654068968819 1.37672542843 -0.206884238482 -1.16413496465
11.809447558046438 0.707573011819 1.29475026734 -0.252133875812 -1.09517721652
11.849479583666934 0.75760768206 1.20345093047 -0.294462274935 -1.0182430706
11.88951160928743 0.803807146698 1.10321624164 -0.333557133272 -0.933696670609
11.929543634907926 0.845823290927 0.994544251999 -0.369122444981 -0.841989324631
11.969575660528422 0.883330185632 0.878049905804 -0.400882058216 -0.743665232767
12.00960768614892 0.91602896674 0.754468836817 -0.428583546813 -0.639364208138
12.049639711769416 0.943652690515 0.624656099426 -0.452002051754 -0.529820463115
12.089671737389912 0.965971050609 0.489579692515 -0.470944007462 -0.415857349145
12.129703763010408 0.982794346991 0.350308270903 -0.485250271044 -0.29837759405
12.169735788630904 0.993977469216 0.207994896589 -0.494799263246 -0.178350420877
12.209767814251402 0.999422812298 0.0638557422864 -0.499509264534 -0.0567947550247
12.249799839871898 0.999082344336 -0.0808542391853 -0.499340044168 0.0652399324925
12.289831865492394 0.992958576722 -0.224867927475 -0.494293624368 0.186694564518
12.32986389111289 0.981104525938 -0.366933141772 -0.484414251714 0.306521780614
12.369895916733388 0.963622609593 -0.505838954322 -0.469787530137 0.423706644676
12.409927942353884 0.94066248878 -0.640439856174 -0.450538724182 0.537285681832
12.44995996797438 0.912417985688 -0.769676558515 -0.426830333181 0.646363298824
12.489991993594876 0.879123452847 -0.892591716948 -0.398859231335 0.750124242652
12.530024019215372 0.841049147149 -1.0083425459 -0.366853020123 0.847843666604
12.57005604483587 0.798496773945 -1.11620537086 -0.331066508066 0.938890887218
12.610088070456365 0.751794581845 -1.21557703092 -0.291777828836 1.02273072197
12.650120096076861 0.701292608939 -1.3059707665 -0.249284668727 1.09892052906
12.690152121697357 0.647358200301 -1.3870079221 -0.203900694114 1.16710400902
12.730184147317853 0.590371819953 -1.45840723208 -0.155952200451 1.22700313535
12.770216172938351 0.530723512969 -1.51997047427 -0.10577525113 1.27840729202
12.810248198558847 0.468809842612 -1.57156753135 -0.0537131761371 1.3211619745
12.850280224179343 0.405031468078 -1.61312235474 -0.000114557138141 1.35515822956
12.89031224979984 0.339791230571 -1.64459866964 0.0546684098716 1.38032194115
12.930344275420337 0.273492842369 -1.66598724694 0.110281099633 1.39660439125
12.970376301040833 0.206540032882 -1.67729588915 0.166367306196 1.40397498642
13.010408326661329 0.139335990243 -1.67854226231 0.222569884353 1.40241624481
13.050440352281825 0.0722830704383 -1.66974978103 0.27853120545 1.39192122448
13.090472377902321 0.0057826231296 -1.65094692522 0.333893548442 1.37249366522
13.130504403522819 -0.0597653306705 -1.62217014958 0.388299636639 1.34415095982
13.170536429143315 -0.123962469606 -1.58346980124 0.441393239762 1.30692949028
13.210568454763811 -0.186412908271 -1.53491894269 0.492820085281 1.26089220729
13.250600480384307 -0.246724314377 -1.47662456166 0.542229095267 1.20613803807
13.290632506004805 -0.304509538619 -1.40874073709 0.589274057282 1.1428127672
13.3306645316253 -0.35938877044 -1.33148251856 0.63361571895 1.07112035182
13.370696557245797 -0.410992263999 -1.24513991393 0.674924347349 0.991334183729
13.410728582866293 -0.45896360691 -1.15009088992 0.712882721792 0.903807401104
13.450760608486789 -0.502963462857 -1.04681239082 0.747189497983 0.808981441271
13.490792634107287 -0.542673716513 -0.935888475036 0.777562881299 0.70739210277
13.530824659727783 -0.577801804295 -0.818014583478 0.803744421934 0.59967233453
13.570856685348279 -0.60808519543 -0.693997650058 0.825502908024 0.486551514196
13.610888710968775 -0.633296124246 -0.564751433822 0.842638446612 0.36885067453
13.65092073658927 -0.653245095837 -0.43128580111 0.854985448851 0.247472870399
13.690952762209768 -0.667784804745 -0.294692595955 0.862415974475 0.123390572972
13.730984787830264 -0.676813002173 -0.156126701782 0.864842146616 -0.00237081993182
13.77101681345076 -0.680274538601 -0.0167836230407 0.862217855751 -0.128752311845
13.811048839071256 -0.678162560897 0.122124650831 0.854539737097 -0.254682012257
13.851080864691754 -0.67051861011 0.259395132363 0.841847205906 -0.379096888053
13.89111289031225 -0.65743181258 0.393858548507 0.824221721241 -0.500963816792
13.931144915932746 -0.639037031436 0.52440241365 0.801785163909 -0.61929921337
13.971176941553242 -0.615512187103 0.649991045913 0.774697507739 -0.733186067701
14.011208967173738 -0.587074841623 0.769681601924 0.743153863579 -0.841787627466
14.051240992794236 -0.553978270018 0.88263542905 0.70738108468 -0.944357148894
14.091273018414732 -0.51650698043 0.988124707979 0.667633895328 -1.0402437117
14.131305044035228 -0.474972553795 1.08553391669 0.624191290522 -1.12889366978
14.171337069655724 -0.429708979524 1.17435701911 0.577352490031 -1.20984855267
14.21136909527622 -0.381068392636 1.25419052269 0.527433223977 -1.28273948646
14.251401120896718 -0.329417218999 1.32472346386 0.474762353276 -1.34727902423
14.291433146517214 -0.27513256702 1.38572449426 0.419678678724 -1.40325053754
14.33146517213771 -0.218599740365 1.43703009912 0.362528712426 -1.45049848874
14.371497197758206 -0.160209129534 1.47852790432 0.303663864811 -1.48891461617
14.411529223378704 -0.10035485484 1.51014491706 0.243439147768 -1.51842813221
14.4515612489992 -0.0394333462786 1.53183562441 0.182211802415 -1.53899577106
14.491593274619696 0.022157297124 1.54357344426 0.120340595335 -1.55059456906
14.531625300240192 0.0840183508854 1.5453421865 0.0581847494733 -1.55321463842
14.571657325860688 0.145750511792 1.53713327492 -0.00389625630313 -1.54685663751
14.611689351481186 0.206954295678 1.51894474855 -0.0655431860415 -1.53153071013
14.651721377101682 0.267230311006 1.49078422173 -0.126397427112 -1.50725866277
14.691753402722178 0.326179754029 1.45267478908 -0.186101543881 -1.47407856376
14.731785428342674 0.383405201866 1.40466391944 -0.244300066744 -1.43205179875
14.77181745396317 0.438511807548 1.34683468283 -0.300640600169 -1.38127205354
14.811849479583667 0.491109017291 1.2793189363 -0.354775352752 -1.32187591469
14.851881505204164 0.540812608363 1.20231015181 -0.406362911298 -1.25405321559
14.89191353082466 0.587247771395 1.11607991552 -0.455070893645 -1.17806036582
14.931945556445156 0.630052241758 1.02098888694 -0.500578594581 -1.09422923479
14.971977582065653 0.668880196947 0.917499094387 -0.54258028562 -1.00297711549
15.01200960768615 0.703406478471 0.806182236594 -0.580788766017 -0.904813456952
15.052041633306645 0.733331096982 0.687724425028 -0.614939145042 -0.800343710274
15.092073658927141 0.758383835059 0.562926561739 -0.644792703435 -0.690269626063
15.132105684547637 0.778328769735 0.432699557383 -0.670140688768 -0.57538533892
15.172137710168135 0.792968488791 0.298054651438 -0.690807860288 -0.456569445793
15.212169735788631 0.802147838998 0.160088951428 -0.706655650497 -0.334773158053
15.252201761409127 0.80575702873 0.0199666583988 -0.717584797344 -0.211004894466
15.292233787029623 0.803733781502 -0.121104156711 -0.723537197107 -0.0863111820601
15.33226581265012 0.796064676159 -0.261895313788 -0.724497086133 0.0382429488927
15.372297838270617 0.782785430202 -0.401185031444 -0.720491350494 0.161595896666
15.412329863891113 0.763980118282 -0.537783209632 -0.711588952317 0.282710516819
15.452361889511609 0.739779417359 -0.670555354331 -0.697899544034 0.400594140161
15.492393915132105 0.71035795527 -0.798443440202 -0.679571329327 0.514316188146
15.532425940752603 0.67593089495 -0.920482795013 -0.656788274813 0.623022628609
15.572457966373099 0.636749938059 -1.03581432165 -0.629766819301 0.725946699172
15.612489991993595 0.593098928092 -1.14369167596 -0.598752225053 0.822415567564
15.652522017614091 0.545289294318 -1.24348350762 -0.564014767233 0.911852988389
15.692554043234587 0.493655475306 -1.33467073998 -0.525845872095 0.993777917825
15.732586068855085 0.438550546556 -1.41683972899 -0.484554389039 1.06779974006
15.77261809447558 0.380342195625 -1.48967210926 -0.44046311515 1.13361074012
15.812650120096077 0.319409193068 -1.55293206082 -0.393905693361 1.19097639506
15.852682145716573 0.256138251363 -1.60645265227 -0.345223809306 1.23972484538
15.89271417133707 0.190921693152 -1.65012100049 -0.294765013406 1.2797352526
15.932746196957567 0.124155467014 -1.68386447866 -0.242880820636 1.31092693715
15.972778222578063 0.0562378376242 -1.70763802747 -0.189925342378 1.33324927146
16.01281024819856 -0.0124314600012 -1.72141407388 -0.136254290374 1.34667355849
16.052842273819056 -0.0814518547335 -1.72517442409 -0.0822241534679 1.35118643791
16.09287429943955 -0.150422093826 -1.71890645757 -0.0281917659683 1.34678660578
16.13290632506005 -0.218940530575 -1.70260129053 0.0254862236953 1.3334830899
16.172938350680546 -0.286605278148 -1.67625634849 0.0784537728855 1.31129699917
16.21297037630104 -0.353014557344 -1.63988065065 0.130355962112 1.2802651541
16.253002401921538 -0.417767364549 -1.59350430211 0.180839837895 1.24044749934
16.293034427542032 -0.480464466473 -1.53718847176 0.229555374091 1.19193426431
16.33306645316253 -0.540709912154 -1.47103923706 0.276156925199 1.13485663158
16.373098478783028 -0.598113032936 -1.39522146638 0.320305000413 1.06939720096
16.413130504403522 -0.652291457342 -1.30997669275 0.361668920764 0.995803768632
16.45316253002402 -0.702873951821 -1.21563302125 0.399929105019 0.914396351256
16.493194555644514 -0.74950433524 -1.11261965464 0.43478036618 0.82557824421
16.533226581265012 -0.791846290318 -1.00147977918 0.465935915189 0.72984571601
16.57325860688551 -0.829587220821 -0.882871583815 0.493130377606 0.627788040086
16.613290632506004 -0.862443348242 -0.757572468958 0.516123961152 0.520090317329
16.653322658126502 -0.890164425428 -0.626475593122 0.534706230226 0.407530169142
16.693354683746996 -0.912537890019 -0.490581649482 0.548699413769 0.290970726143
16.733386709367494 -0.929393166156 -0.35098592591 0.557961819709 0.171349868192
16.77341873498799 -0.940605460567 -0.208857692394 0.562390822625 0.0496634232025
16.813450760608486 -0.946097704509 -0.0654201868765 0.561924370688 -0.0730509661932
16.853482786228984 -0.945842492244 0.0780755584022 0.556542476073 -0.195734894159
16.893514811849478 -0.939862607229 0.220376888574 0.546267578103 -0.317330124407
16.933546837469976 -0.928230556637 0.360256266135 0.531164112956 -0.43679991735
16.973578863090474 -0.911067073755 0.496536455945 0.511337261773 -0.553149063523
17.013610888710968 -0.888538617827 0.628113386013 0.486930901248 -0.665442028571
17.053642914331466 -0.860854070098 0.753974630481 0.458124918255 -0.772817592719
17.09367493995196 -0.828260758113 0.873213694304 0.425131991792 -0.874500143677
17.133706965572458 -0.791040012427 0.985038864143 0.388194006067 -0.969806658691
17.173738991192955 -0.749502505966 1.08877768425 0.34757829228 -1.05815022501
17.21377101681345 -0.703983486025 1.18387548617 0.303573786274 -1.13903887363
17.253803042433947 -0.654838006629 1.26988849287 0.256487186417 -1.21207013759
17.293835068054445 -0.602436926638 1.3464763547 0.206639715126 -1.27692520846
17.33386709367494 -0.547162840376 1.41338917845 0.154363823824 -1.33335876985
17.373899119295437 -0.48940674049 1.47045364961 0.100000473286 -1.38118817366
17.41393114491593 -0.42956529871 1.51755850438 0.0438968957422 -1.42028216765
17.45396317053643 -0.368038625376 1.55464024416 -0.0135952772599 -1.45054986454
17.493995196156927 -0.30522864268 1.58166974596 -0.0721214107095 -1.47193049953
17.53402722177742 -0.241537956133 1.59864093984 -0.131324883022 -1.48438489158
17.57405924739792 -0.177369078432 1.60556243605 -0.190847846733 -1.4878893139
17.614091273018413 -0.11312399724 1.6024513787 -0.250331733296 -1.48243118606
17.65412329863891 -0.0492038898984 1.58933109484 -0.309417665053 -1.46800782906
17.69415532425941 0.0139911336136 1.56623190265 -0.367746874746 -1.44462778572
17.734187349879903 0.0760623784141 1.53319527111 -0.424961221041 -1.41231481942
17.7742193755004 0.136613155639 1.49028117626 -0.480703930668 -1.37111447697
17.814251401120895 0.195249706813 1.43757791676 -0.534620626583 -1.32110257376
17.854283426741393 0.251582564865 1.3752140506 -0.586360733137 -1.26239533689
17.89431545236189 0.305228442271 1.30337182435 -0.635579328116 -1.1951606713
17.934347477982385 0.355812659336 1.2223010261 -0.681939443284 -1.11962965766
17.974379503602883 0.40297208975 1.13233229616 -0.725114789418 -1.03610748546
18.014411529223377 0.446358714121 1.03388937593 -0.764792987014 -0.944983384527
18.054443554843875 0.485643509545 0.927498523585 -0.800679055188 -0.846738100247
18.094475580464373 0.520520371061 0.813794368667 -0.83249889755 -0.741948343531
18.134507606084867 0.550711407385 0.693524415072 -0.86000398546 -0.631289917083
18.174539631705365 0.575970459732 0.567543772902 -0.882974414917 -0.515532798531
18.21457165732586 0.596087749233 0.43680947847 -0.901222981013 -0.395535710387
18.254603682946357 0.610893642114 0.302368114335 -0.914598447324 -0.27223510411
18.294635708566855 0.62026192899 0.165339194458 -0.922988388308 -0.146630582456
18.33466773418735 0.624112413868 0.0268949539957 -0.926321429876 -0.0197673116763
18.374699759807847 0.622412359841 -0.111763729681 -0.92456849634 0.107284812358
18.414731785428344 0.615177360778 -0.249431045217 -0.917743564405 0.233451680688
18.45476381104884 0.602470931236 -0.384921900026 -0.905903305722 0.357677116276
18.494795836669336 0.584403217457 -0.517095658408 -0.889145972219 0.47894341259
18.53482786228983 0.561128771784 -0.644877736784 -0.867609469063 0.596290076649
18.57485988791033 0.532843525703 -0.767277596295 -0.841468730435 0.708829547948
18.614891913530826 0.499781165398 -0.883402716394 -0.810932570464 0.815759542851
18.65492393915132 0.462208970587 -0.992467412433 -0.776240056788 0.916371062083
18.694955964771818 0.42042346221 -1.09379699064 -0.737656701651 1.01005246421
18.734987990392312 0.374745950722 -1.18682704357 -0.695470545929 1.09628942758
18.77502001601281 0.325518210367 -1.2710984858 -0.649988327938 1.17466128876
18.815052041633308 0.273098431754 -1.34624894684 -0.601531866458 1.24483425752
18.855084067253802 0.217857550287 -1.41200160227 -0.550434744257 1.3065524073
18.8951160928743 0.160176041795 -1.46815255087 -0.497039372111 1.35962735388
18.935148118494794 0.100441410043 -1.5145551428 -0.441694613313 1.40392523589
18.975180144115292 0.0390460466844 -1.55110883066 -0.384753739918 1.43935743111
19.01521216973579 -0.0236143120699 -1.5777451782 -0.32657286951 1.4658687203
19.055244195356284 -0.0871416713241 -1.59441745686 -0.267509800063 1.48342835512
19.095276220976782 -0.151136448706 -1.60109260315 -0.207923203741 1.49202297636
19.135308246597276 -0.215197926854 -1.59774565533 -0.148172017828 1.49165148803
19.175340272217774 -0.278924489813 -1.58435783932 -0.0886150392926 1.48232286563
19.21537229783827 -0.341913915212 -1.56091764827 -0.029610496438 1.46405638812
19.255404323458766 -0.403763749929 -1.52742574906 0.0284844169791 1.43688496194
19.295436349079264 -0.464071941039 -1.48390254418 0.0853141920116 1.40086060755
19.33546837469976 -0.522437808475 -1.43039859863 0.140525904932 1.35606228614
19.375500400320256 -0.578463502414 -1.36700722794 0.193770486543 1.30260551212
19.415532425940754 -0.63175599917 -1.29387856388 0.244704404522 1.24065320559
19.455564451561248 -0.681929666413 -1.21123414831 0.292991786879 1.17042702802
19.495596477181746 -0.728609415484 -1.11938114007 0.338307002589 1.09221847348
19.535628502802243 -0.771434402404 -1.01872509837 0.38033767151 1.00639888767
19.575660528422738 -0.810062101657 -0.909780585024 0.418787966933 0.913427797286
19.615692554043235 -0.844172933122 -0.793178208758 0.453382352428 0.813858479441
19.65572457966373 -0.873474943585 -0.669667107577 0.483869364123 0.708339931333
19.695756605284227 -0.897708505908 -0.540113125372 0.51002540676 0.597615445639
19.735788630904725 -0.916650883021 -0.405491794581 0.531658443391 0.482517079489
19.77582065652522 -0.930120442554 -0.266876217174 0.548611409387 0.363956074717
19.815852682145717 -0.937980089173 -0.125418470412 0.56076500756 0.242908116793
19.85588470776621 -0.940140148808 0.0176700868056 0.568040067107 0.120397691771
19.89591673338671 -0.936560184352 0.161144123713 0.570399054009 -0.00252205920499
19.935948759007207 -0.927249877046 0.303750250956 0.567846836225 -0.124790019569
19.9759807846277 -0.912268778045 0.444253933005 0.560430546208 -0.24535864435
20.0160128102482 -0.891725066429 0.581465099518 0.548238646151 -0.363214542435
20.056044835868693 -0.865773270809 0.714261519845 0.531399158633 -0.47739736434
20.09607686148919 -0.83461115097 0.841608573971 0.510077215821 -0.587015901576
20.13610888710969 -0.798475871292 0.962574607467 0.484472028983 -0.691260748493
20.176140912730183 -0.757639647359 1.07634116601 0.454813419346 -0.789412958441
20.21617293835068 -0.712405101358 1.1822080793 0.421358095905 -0.880848654341
20.256204963971175 -0.663100509534 1.27959339291 0.384385823717 -0.965039580335
20.296236989591673 -0.610075170382 1.36802844931 0.34419566205 -1.04154981709
20.33626901521217 -0.553694969663 1.447149988 0.301102340178 -1.11003013188
20.376301040832665 -0.494338445118 1.51668796624 0.255432996468 -1.17020891773
20.416333066453163 -0.432393290283 1.57645065149 0.207524241559 -1.22188095388
20.45636509207366 -0.368253572609 1.62631186142 0.157719778102 -1.26489782119
20.496397117694155 -0.302317343247 1.66619521472 0.106368298003 -1.2991559223
20.536429143314653 -0.234984928029 1.69606030566 0.0538219050823 -1.32458598863
20.576461168935147 -0.166657774489 1.71589102982 0.00043495965265 -1.34114426333
20.616493194555645 -0.0977376343253 1.72568564092 -0.0534368276718 -1.348805002
20.656525220176142 -0.0286261960079 1.72545012422 -0.107436961328 -1.34755556931
20.696557245796637 0.0402752070976 1.71519464216 -0.161208674711 -1.33739394454
20.736589271417134 0.108565729981 1.6949337763 -0.214395336476 -1.31832917751
20.77662129703763 0.175845251594 1.66468972906 -0.266640944182 -1.29038415728
20.816653322658127 0.241714802102 1.62449904858 -0.317590779904 -1.25360111327
20.856685348278624 0.305777320595 1.57442213422 -0.366892332945 -1.20804926259
20.89671737389912 0.367638816789 1.51455485372 -0.414196537297 -1.15383405479
20.936749399519616 0.426910076242 1.44504232749 -0.459159455372 -1.09110805367
20.97678142514011 0.483208921891 1.3660933256 -0.501444390956 -1.02008220579
21.01681345076061 0.536162999101 1.27799432107 -0.540724403074 -0.941036732472
21.056845476381106 0.585413230092 1.18112326027 -0.576685355075 -0.854331673583
21.0968775020016 0.630617795086 1.07596096049 -0.609029358673 -0.760415419049
21.136909527622098 0.671456216123 0.963098222172 -0.637478250036 -0.659829757821
21.176941553242592 0.707633956171 0.843240624031 -0.661777482833 -0.553212938528
21.21697357886309 0.738887028883 0.71720812548 -0.681699984792 -0.441298517033
21.257005604483588 0.764986482974 0.585929660401 -0.697049879221 -0.324910148779
21.297037630104082 0.785742548588 0.45043251917 -0.707665899672 -0.204952179739
21.33706965572458 0.801008386884 0.311828105145 -0.71342445927 -0.0823973344798
21.377101681345078 0.810682914105 0.171289866195 -0.714241918145 0.0417318508206
21.417133706965572 0.814712933482 0.0300325246802 -0.710076293633 0.166380485693
21.45716573258607 0.813094267994 -0.110713455445 -0.700928120715 0.290482539756
21.497197758206564 0.805871880931 -0.24972824518 -0.686840473542 0.412982653785
21.537229783827062 0.793138924512 -0.385827859872 -0.667898106095 0.532856910256
21.57726180944756 0.775034843277 -0.517887648193 -0.644225814133 0.649132126685
21.617293835068054 0.751742585545 -0.644862670945 -0.615986065396 0.76090255194
21.65732586068855 0.723485046308 -0.765803882112 -0.583376000777 0.867343094102
21.697357886309046 0.690520991904 -0.879869630903 -0.546624012289 0.967718709545
21.737389911929544 0.653140613745 -0.986332082495 -0.505986018352 1.06138963725
21.77742193755004 0.611660934459 -1.08457849832 -0.461741618835 1.14781244434
21.817453963170536 0.566421246153 -1.17410840724 -0.414190275972 1.2265377313
21.857485988791034 0.517778769792 -1.25452723448 -0.363647674705 1.29720497137
21.897518014411528 0.466104476694 -1.32553227664 -0.310442213884 1.35953113303
21.937550040032026 0.411779909248 -1.3869044425 -0.254912307849 1.41330403078
21.977582065652523 0.355193935718 -1.43849165007 -0.197403632006 1.45836889445
22.017614091273018 0.296740371455 -1.48019579513 -0.138267068883 1.49461788606
22.057646116893515 0.23681612816 -1.51195906761 -0.0778570793294 1.52197911868
22.09767814251401 0.175819846711 -1.53375155358 -0.0165304606373 1.54040674197
22.137710168134507 0.114150949639 -1.5455618974 0.045354564128 1.54987353697
22.177742193755005 0.0522090604896 -1.54739009378 0.107438962902 1.55036528841
22.2177742193755 -0.0096062860344 -1.53924325971 0.169363285423 1.54187759735
22.257806244995997 -0.0708960676197 -1.52113559199 0.230768176938 1.52441611897
22.29783827061649 -0.131261953159 -1.49309040718 0.291294699247 1.49799851479
22.33787029623699 -0.190306832971 -1.45514621444 0.350584952368 1.46265969125
22.377902321857487 -0.247635589227 -1.40736540433 0.408282903865 1.41845917148
22.41793434747798 -0.30285624839 -1.34984513933 0.464035537343 1.36549024336
22.45796637309848 -0.355581633807 -1.28273021671 0.517494422924 1.30389069634
22.497998398718977 -0.405431568376 -1.20622690973 0.568317746572 1.23385432032
22.53803042433947 -0.452035551955 -1.12061645391 0.616172726208 1.15564206052
22.57806244995997 -0.495036025026 -1.02626805384 0.660738518025 1.06959272625
22.618094475580463 -0.534092324537 -0.923650809378 0.701709704392 0.976132752661
22.65812650120096 -0.568884558277 -0.813340312159 0.738799672685 0.875781501328
22.69815852682146 -0.599118124501 -0.696024089953 0.771744557502 0.769155558366
22.738190552441953 -0.62452820019 -0.572501443956 0.800307130846 0.656968334839
22.77822257806245 -0.644884124974 -0.443678733057 0.824280597283 0.540025854505
22.818254603682945 -0.659993515043 -0.310559740023 0.843492152093 0.419218412483
22.858286629303443 -0.669705895192 -0.174231567301 0.857806125408 0.295508483581
22.89831865492394 -0.673915683444 -0.0358441870863 0.867126568589 0.16991329934
22.938350680544435 -0.672564182926 0.103408660458 0.871399006105 0.0434885199498
22.978382706164933 -0.665640975616 0.242316066559 0.870611661541 -0.0826944036476
23.018414731785427 -0.653184020181 0.379674304097 0.864795589594 -0.207569045622
23.058446757405925 -0.635278876555 0.514311785867 0.854024056322 -0.330095391212
23.098478783026422 -0.612057111896 0.645112383012 0.838411216694 -0.449279908677
23.138510808646917 -0.58369348455 0.771035482678 0.81810973929 -0.564192988133
23.178542834267414 -0.550402558236 0.891132234657 0.793307929734 -0.673983243405
23.21857485988791 -0.512434834106 1.00455717837 0.76422642204 -0.777887995003
23.258606885508406 -0.470072492558 1.11057494678 0.731114512328 -0.875239671412
23.298638911128904 -0.423624918232 1.20856204959 0.694246278607 -0.965468108802
23.3386709367494 -0.373424245371 1.29800403328 0.653916685262 -1.04809896722
23.378702962369896 -0.319821121305 1.37848860342 0.610437839238 -1.1227487237
23.41873498799039 -0.263180819537 1.449695519 0.564135510288 -1.1891168943
23.45876701361089 -0.203879798523 1.51138419302 0.515345998856 -1.24697624204
23.498799039231386 -0.142302781114 1.56337998226 0.464413418489 -1.29616176969
23.53883106485188 -0.0788403947329 1.60556015334 0.411687431502 -1.33655930322
23.578863090472378 -0.0138873683158 1.63784047091 0.357521440495 -1.36809444231
23.618895116092876 0.0521587969128 1.66016309123 0.30227117222 -1.39072245317
23.65892714171337 0.118898576158 1.67248712527 0.246293750708 -1.40442017791
23.698959167333868 0.185931041307 1.67478145428 0.189946889632 -1.40917971567
23.738991192954362 0.252854172551 1.66702061403 0.133588355968 -1.40500448426
23.77902321857486 0.319265024643 1.649184568 0.0775755820047 -1.39190834088
23.819055244195358 0.38475998863 1.62126124666 0.0222652236607 -1.36991690212
23.859087269815852 0.448935232749 1.58325262263 -0.0319873939911 -1.33907167477
23.89911929543635 0.511387437771 1.53518403518 -0.084829035379 -1.29943677514
23.939151321056844 0.571714955243 1.47711600525 -0.135909622005 -1.25110764465
23.979183346677342 0.629519481395 1.40915777331 -0.184883684734 -1.1942211604
24.01921537229784 0.684408302463 1.33148191889 -0.2314122452 -1.12896663847
24.059247397918334 0.735997132535 1.24433924571 -0.275165143734 -1.05559708879
24.09927942353883 0.78391352945 1.14807291033 -0.315823804265 -0.97443991784
24.139311449159326 0.827800843974 1.04313068968 -0.353084403195 -0.885906211869
24.179343474779824 0.867322607713 0.93007433958 -0.38666136988 -0.790497777671
24.21937550040032 0.902167222647 0.809585137053 -0.416291112524 -0.688811228432
24.259407526020816 0.932052783483 0.682465000438 -0.441735838667 -0.5815386375
24.299439551641314 0.956731870644 0.549632777832 -0.462787344524 -0.469464436294
24.339471577261808 0.975996000547 0.41211255132 -0.479270524606 -0.353456102836
24.379503602882306 0.989679587633 0.271022157429 -0.491046502499 -0.234455010286
24.419535628502803 0.997663338302 0.127552113552 -0.49801530167 -0.113459815346
24.459567654123298 0.999876698883 -0.0170568913073 -0.500117776202 0.00849128155058
24.499599679743795 0.996299367823 -0.161539858747 -0.497336802853 0.130340885902
24.539631705364293 0.986961698763 -0.304634548117 -0.489697601039 0.251033701821
24.579663730984787 0.971944083566 -0.445108257114 -0.477267250279 0.369537603062
24.619695756605285 0.951375211282 -0.581783396327 -0.460153322932 0.484863771816
24.65972778222578 0.925429543354 -0.71355888637 -0.438501899066 0.596083574682
24.699759807846277 0.894323617433 -0.83943074981 -0.412494657689 0.702344845359
24.739791833466775 0.858312083018 -0.958503358463 -0.382345752291 0.802880852756
24.77982385908727 0.817683104702 -1.06999891585 -0.348298183546 0.897017930309
24.819855884707767 0.772753561145 -1.17326031682 -0.310620003739 0.984177937971
24.85988791032826 0.723864253961 -1.26774902585 -0.269600518606 1.06387686186
24.89991993594876 0.671375252443 -1.35303937117 -0.225546586775 1.13572062739
24.939951961569257 0.615661584348 -1.42880764282 -0.178779174778 1.19939688792
24.97998398718975 0.55710939872 -1.49481984883 -0.129630270705 1.25466578659
25.02001601281025 0.496112653878 -1.55091732461 -0.0784401935818 1.30134907369
25.060048038430743 0.433070387902 -1.59700171247 -0.0255553429802 1.33931876753
25.10008006405124 0.368384602478 -1.63302034785 0.0286735887627 1.36848617423
25.14011208967174 0.302458773753 -1.65895316359 0.0838929355603 1.38879214071
25.180144115292233 0.235696682638 -1.67480133743 0.139747141648 1.40019870581
25.22017614091273 0.168501792706 -1.68057871535 0.195879444327 1.40268297428
25.260208166533225 0.101276855785 -1.6763062862 0.251932401181 1.39623341687
25.300240192153723 0.034423683329 -1.66200999603 0.30754831308 1.38084881894
25.34027221777422 -0.0316570642368 -1.63772195033 0.362369660516 1.35653990652
25.380304243394715 -0.0965662119406 -1.60348512831 0.41603966548 1.32333373163
25.420336269015213 -0.159906628863 -1.55936072271 0.468203049674 1.28128007255
25.460368294635707 -0.2212842119 -1.50543899113 0.518507168466 1.23046071224
25.500400320256205 -0.280309193083 -1.44185074038 0.56660340165 1.17099878282
25.540432345876702 -0.336598141473 -1.36878168883 0.612149130895 1.10307070229
25.580464371497197 -0.389776336508 -1.28648601997 0.654810001442 1.02691709548
25.620496397117694 -0.439480886252 -1.19530052271 0.694262811168 0.942854132998
25.660528422738192 -0.48536418386 -1.09565597288 0.7301986352 0.851282332926
25.700560448358686 -0.52709791535 -0.988087108459 0.762326399993 0.752694263298
25.740592473979184 -0.564377336568 -0.873238773252 0.790376648283 0.647678886464
25.78062449959968 -0.596925775452 -0.751867918243 0.814105462026 0.536922412883
25.820656525220176 -0.624499290242 -0.624841291214 0.833298490328 0.421205520108
25.860688550840674 -0.64689045338 -0.493126744504 0.847774180777 0.301395375937
25.90072057646117 -0.663932482781 -0.357781438838 0.857387314725 0.17843496497
25.940752602081666 -0.675502439056 -0.219934552734 0.862031706978 0.0533279505321
25.98078462770216 -0.681523659478 -0.0807662851939 0.861642246688 -0.0728794908244
26.020816653322658 -0.681967368898 0.0585154601822 0.85619622873 -0.199118713394
26.060848678943156 -0.67685328963 0.196700237926 0.845713825457 -0.324320107683
26.10088070456365 -0.666249226822 0.332600299983 0.830257685348 -0.447434604699
26.140912730184148 -0.650269675958 0.465074597811 0.809931698984 -0.567454092241
26.180944755804642 -0.629073512064 0.593050284772 0.784878984292 -0.683429697291
26.22097678142514 -0.602860886836 0.715540665022 0.755279197945 -0.794487068463
26.261008807045638 -0.571869492223 0.831658779582 0.721345306441 -0.899837992062
26.301040832666132 -0.536370371551 0.940625995583 0.683319968495 -0.998787819941
26.34107285828663 -0.496663525974 1.04177659432 0.641471738424 -1.0907395472
26.381104883907124 -0.453073329259 1.13455564023 0.596091095903 -1.17519226615
26.421136909527622 -0.405944209345 1.21851424749 0.547486692677 -1.25173743597
26.46116893514812 -0.355636612554 1.29330099645 0.495981826303 -1.32005192071
26.501200960768614 -0.302523282778 1.35865044312 0.441911168176 -1.37988857511
26.54123298638911 -0.246986097239 1.41436986415 0.385617950366 -1.431065329
26.58126501200961 -0.189413420721 1.46032537448 0.327451579572 -1.47345370693
26.621297037630104 -0.130198022653 1.49642822654 0.267765717142 -1.50696745314
26.6613290632506 -0.0697355400687 1.5226224814 0.206916814694 -1.53155225557
26.701361088871096 -0.00842337315054 1.53887424631 0.145263009805 -1.54717672162
26.741393114491594 0.053340019656 1.54516351838 0.0831633586699 -1.55382547526
26.78142514011209 0.115155572172 1.54147887434 0.0209772857868 -1.55149457455
26.821457165732586 0.176623896337 1.52781548275 -0.0409358217599 -1.54018964559
26.861489191353083 0.237345551752 1.50417635413 -0.102216997169 -1.51992666965
26.901521216973578 0.296921445034 1.47057695291 -0.162508173648 -1.49073552984
26.941553242594075 0.354953463974 1.42705269467 -0.221452847756 -1.45266592902
26.981585268214573 0.411045491357 1.37366929601 -0.27869704447 -1.40579565772
27.021617293835067 0.464804914547 1.31053531627 -0.333890683054 -1.35024066835
27.061649319455565 0.515844392534 1.23781451967 -0.386689134416 -1.28616503718
27.10168134507606 0.563784594684 1.15574152567 -0.43675558878 -1.21379361333
27.141713370696557 0.608257249191 1.06463540642 -0.483763660429 -1.13342302179
27.181745396317055 0.648908666475 0.964911156178 -0.527400364348 -1.04543096856
27.22177742193755 0.685403931222 0.857089955626 -0.567369655881 -0.950284571214
27.261809447558047 0.717431198849 0.741805631063 -0.603396045822 -0.848545591472
27.30184147317854 0.744706297815 0.619807528821 -0.635228464172 -0.740872761857
27.34187349879904 0.766977364699 0.491957498971 -0.662644150527 -0.628019316133
27.381905524419537 0.784029164322 0.359222695983 -0.685452286868 -0.510827085231
27.42193755004003 0.795687077527 0.222662769653 -0.703497357624 -0.39021600079
27.46196957566053 0.801820490238 0.0834138157005 -0.716662018777 -0.267170918112
27.502001601281023 0.802345486629 -0.0573332596362 -0.724869394987 -0.142723835469
27.54203362690152 0.797226448803 -0.19835673331 -0.728084477474 -0.017934109302
27.58206565252202 0.786476917187 -0.338429142386 -0.726314909899 0.106132280679
27.622097678142513 0.770159180209 -0.476343344263 -0.719610722916 0.228424373871
27.66212970376301 0.748383036267 -0.610937185384 -0.708063378313 0.347926817997
27.70216172938351 0.721303667502 -0.741116135483 -0.691804069884 0.463678888095
27.742193755004003 0.689118464653 -0.865872112328 -0.671001140621 0.57479050846
27.7822257806245 0.652062945958 -0.984297317495 -0.64585672921 0.68045430424
27.822257806244995 0.610406815168 -1.09559399598 -0.616603506174 0.779954323657
27.862289831865493 0.564449525367 -1.1990789309 -0.583500973286 0.87267052419
27.90232185748599 0.514515597329 -1.29418293025 -0.546831528669 0.958079201032
27.942353883106485 0.460950088141 -1.38044574186 -0.50689662007 1.03574966476
27.982385908726982 0.404114430849 -1.45750721567 -0.464013168635 1.10533780648
28.022417934347477 0.344382697992 -1.52509567155 -0.41851030899 1.16657731726
28.062449959967974 0.2821382858 -1.58301455549 -0.370726447928 1.21926943824
28.102481985588472 0.217771175482 -1.63112804216 -0.321006768759 1.26327174689
28.142514011208966 0.151675801721 -1.66934661688 -0.269701210149 1.29848680664
28.182546036829464 0.0842494872666 -1.69761381217 -0.217162893871 1.32485163733
28.22257806244996 0.0158913568914 -1.71589485727 -0.163746935603 1.34232862242
28.262610088070456 -0.0529983881667 -1.72416737073 -0.109809545236 1.35089797271
28.302642113690954 -0.122018717681 -1.72241644169 -0.0557075172563 1.35055357046
28.34267413931145 -0.190768128414 -1.71063109965 -0.00179763774134 1.34129990813
28.382706164931946 -0.258844790217 -1.68880494216 0.0515637179412 1.32315226721
28.42273819055244 -0.325846762082 -1.65694045578 0.104021031395 1.29613977762
28.462770216172938 -0.391372503266 -1.615056481 0.155220326016 1.26031091897
28.502802241793436 -0.455021713781 -1.5631981749 0.204810070981 1.2157409972
28.54283426741393 -0.516396576467 -1.50144905073 0.252442387142 1.16254123763
28.582866293034428 -0.575103677932 -1.42994599175 0.297774798841 1.10087014983
28.622898318654922 -0.630756442521 -1.34889435012 0.340472358481 1.0309449553
28.66293034427542 -0.68297808519 -1.25858156111 0.380210128515 0.953051863357
28.702962369895918 -0.731405188316 -1.15939044651 0.416676161981 0.867556034497
28.742994395516412 -0.775691774244 -1.0518110118 0.449574866123 0.774910314827
28.78302642113691 -0.815513729067 -0.936448743933 0.478630609284 0.675661209554
28.823058446757408 -0.850573528729 -0.814028213808 0.503591535868 0.570451148727
28.863090472377902 -0.880605122358 -0.685391400598 0.524233478179 0.460016592621
28.9031224979984 -0.905378431502 -0.551492151927 0.540363556732 0.345183100012
28.943154523618894 -0.924703582538 -0.413385093286 0.551823545247 0.226856044603
28.98318654923939 -0.938434680509 -0.272209334949 0.558492849264 0.106007269496
29.02321857485989 -0.946472782505 -0.129167156254 0.560290831169 -0.0163421638388
29.063250600480384 -0.948767938928 0.0144994771693 0.557178391119 -0.139140881251
29.10328262610088 -0.945320300524 0.15753470262 0.549158795623 -0.261327858617
29.143314651721376 -0.936180084647 0.298696048445 0.536277590135 -0.381854191632
29.183346677341873 -0.921446561273 0.436780210038 0.518621734947 -0.49970361685
29.22337870296237 -0.901265957834 0.570647013909 0.496317879215 -0.613911538567
29.263410728582866 -0.875828550538 0.699240282494 0.469529989949 -0.723581564676
29.303442754203363 -0.84536497298 0.821604160116 0.438456361915 -0.827898420616
29.343474779823858 -0.810141909403 0.936894361834 0.40332614072 -0.926136827411
29.383506805444355 -0.770457471413 1.04438432507 0.364395596169 -1.01766634603
29.423538831064853 -0.726636468955 1.14346625151 0.32194431298 -1.10195219137
29.463570856685347 -0.679025728248 1.23364749645 0.276271418769 -1.17855238669
29.503602882305845 -0.627989617668 1.31454276415 0.227691975423 -1.24711163252
29.54363490792634 -0.573905956542 1.38586304452 0.17653367073 -1.30735264057
29.583666933546837 -0.517162421694 1.44740241855 0.123133899325 -1.35906583262
29.623698959167335 -0.458153474634 1.49902369676 0.067837249442 -1.40209816989
29.66373098478783 -0.397278013501 1.54064358321 0.0109935527022 -1.43634168385
29.703763010408327 -0.334937382252 1.57221918007 -0.0470437939431 -1.46172311497
29.743795036028825 -0.271534042259 1.5937355742 -0.105918996752 -1.47819448988
29.78382706164932 -0.207470670421 1.60519584671 -0.165274714076 -1.48572568511
29.823859087269817 -0.143149580397 1.60661393661 -0.224752669637 -1.48429931632
29.86389111289031 -0.0789723859565 1.59801064177 -0.283994094804 -1.47390816812
29.90392313851081 -0.0153397468218 1.5794128619 -0.3426401356 -1.45455526846
29.943955164131307 0.0473489323136 1.55085668818 -0.400332319336 -1.42625706114
29.9839871897518 0.108695945026 1.51239278658 -0.456713170554 -1.38904826906
30.0240192153723 0.168306037261 1.46409521651 -0.511427086852 -1.34298964261
30.064051240992793 0.225787591758 1.40607286457 -0.564121585419 -1.2881778911
30.10408326661329 0.280754286167 1.33848236381 -0.614448979206 -1.22475649885
30.14411529223379 0.332827202513 1.26154118969 -0.662068410095 -1.15292649944
30.184147317854283 0.381637599293 1.17554193363 -0.70664843 -1.0729584041
30.22417934347478 0.426830233085 1.08086514803 -0.747870045694 -0.985202637006
30.264211369095275 0.468066892745 0.977989492354 -0.785429907105 -0.890097673012
30.304243394715773 0.505030716187 0.867500505625 -0.819044165185 -0.788176903593
30.34427542033627 0.53743047813 0.750094452398 -0.848452261695 -0.68007133317
30.384307445956765 0.56500505533 0.626578187652 -0.873420854155 -0.566508878135
30.424339471577262 0.587527761949 0.497864106929 -0.893747605622 -0.448309513081
30.464371497197757 0.604810334178 0.364960461956 -0.909264654011 -0.326376522507
30.504403522818254 0.616706676154 0.228956004978 -0.919841863001 -0.201682943889
30.544435548438752 0.623115499091 0.091002032971 -0.925389105686 -0.0752559013789
30.584467574059246 0.623982542794 -0.047710636974 -0.925858184393 0.0518433795175
30.624499599679744 0.619301578939 -0.185975153443 -0.921243695082 0.17853988066
30.66453162530024 0.609114588728 -0.322594090252 -0.911583178498 0.303766786876
30.704563650920736 0.593510880706 -0.456403896711 -0.896956355544 0.426486616893
30.744595676541234 0.572625318946 -0.586297412434 -0.87748359306 0.545710726223
30.78462770216173 0.546635568324 -0.711244546941 -0.85332351681 0.660517301263
30.824659727782226 0.515758756186 -0.830307008564 -0.824670113409 0.770064307743
30.864691753402724 0.48024752766 -0.942650037708 -0.791749297229 0.87359995705
30.904723779023218 0.440385757194 -1.04754850356 -0.754815164433 0.970468411676
30.944755804643716 0.396484127121 -1.1443886244 -0.714146114465 1.06011179429
30.98478783026421 0.348875743491 -1.2326654257 -0.670040982012 1.14206857836
31.024819855884708 0.297911747163 -1.31197330279 -0.622815131247 1.21596613046
31.064851881505206 0.243957789677 -1.38199864447 -0.572797283474 1.28151491217
31.1048839071257 0.187390423546 -1.44250600477 -0.520326238308 1.33849718064
31.144915932746198 0.128594254281 -1.49332480138 -0.465748232563 1.3867560322
31.184947958366692 0.0679596899358 -1.53433574123 -0.409414794079 1.42618410693
31.22497998398719 0.00588109296004 -1.56545741017 -0.351680929254 1.45671230879
31.265012009607688 -0.0572444638328 -1.58663443202 -0.292903820769 1.47829971882
31.305044035228182 -0.121018073554 -1.59782875754 -0.233441848507 1.49092601185
31.34507606084868 -0.185039521496 -1.59901237178 -0.173653909435 1.49458493829
31.385108086469174 -0.248907613436 -1.59016394136 -0.113898925826 1.48928098504
31.42514011208967 -0.312220429033 -1.57126861298 -0.0545354403267 1.47502857382
31.46517213771017 -0.374575624947 -1.54232102812 0.00407880005106 1.4518538761
31.505204163330664 -0.435570935447 -1.50333171852 0.061587404208 1.41979933843
31.54523618895116 -0.494804985498 -1.45433638415 0.117636118981 1.3789305773
31.585268214571656 -0.551878524166 -1.39540757977 0.17187392684 1.32934525644
31.625300240192153 -0.6063961643 -1.32666817824 0.223954531594 1.27118343949
31.66533226581265 -0.657968681148 -1.24830580401 0.273538275729 1.20463877886
31.705364291433145 -0.70621589687 -1.16058735888 0.320294513493 1.1299698407
31.745396317053643 -0.750770068492 -1.06387231703 0.363904375023 1.04751051757
31.78542834267414 -0.791279900274 -0.958624814893 0.404064025335 0.957679522459
31.825460368294635 -0.827415198777 -0.845423380892 0.440488433205 0.860988054189
31.865492393915133 -0.858871004647 -0.724963101396 0.472914705247 0.758041546749
31.905524419535627 -0.885372623669 -0.598057601183 0.501106157453 0.649541231426
31.945556445156125 -0.906680220547 -0.465633848309 0.524856028123 0.536280051121
31.985588470776623 -0.922593185318 -0.32872217726 0.543991014454 0.419134779486
32.02562049639712 -0.93295402505 -0.188441516975 0.558374433903 0.299054323908
32.065652522017615 -0.937651425787 -0.0459787745898 0.567908727072 0.177043354546
32.10568454763811 -0.936622591494 0.0974334288312 0.572537385761 0.0541445917223
32.1457165732586 -0.929854559076 0.24054250015 0.57224606543 -0.0685817268173
32.1857485988791 -0.917384469885 0.382102512538 0.567062864416 -0.1900791513
32.2257806244996 -0.899298762052 0.520900714072 0.557057738692 -0.309316297028
32.2658126501201 -0.875731347477 0.655782013283 0.542341099548 -0.425306591974
32.305844675740595 -0.846860860261 0.785670481335 0.523061660276 -0.537125731742
32.34587670136109 -0.81290712376 0.909586769294 0.499403645689 -0.643925962222
32.38590872698158 -0.774127010536 1.02666060956 0.471583499746 -0.744946522045
32.42594075260208 -0.73080991758 1.13613824416 0.439846266457 -0.839520105489
32.46597277822258 -0.683273090432 1.23738556396 0.404461831351 -0.927075948273
32.506004803843076 -0.631856693565 1.32988329422 0.365720924781 -1.00713664988
32.546036829463574 -0.576919563966 1.41322194079 0.323931657457 -1.07931476372
32.586068855084065 -0.518834886991 1.48709046425 0.279415959687 -1.14330443333
32.62610088070456 -0.457986523673 1.55126363307 0.232506518019 -1.19887194204
32.66613290632506 -0.394765906359 1.6055876704 0.183544138143 -1.24584489489
32.70616493194556 -0.329569427563 1.64996522323 0.132875476767 -1.28410081597
32.746196957566056 -0.262796486152 1.68434092513 0.0808512747531 -1.31355617828
32.78622898318655 -0.194848083445 1.70868875225 0.0278250098433 -1.33415681963
32.826261008807045 -0.126125858004 1.72300109967 -0.0258481218098 -1.34586968125
32.86629303442754 -0.0570315162241 1.72728074788 -0.0798119242854 -1.3486768012
32.90632506004804 0.0120334630899 1.72153579272 -0.133709717598 -1.34257161446
32.94635708566854 0.0806680017412 1.70577818885 -0.187184768147 -1.32755807773
32.98638911128903 0.148471600835 1.68002559722 -0.239880734022 -1.30365237101
33.026421136909526 0.21504465932 1.64430656572 -0.291442229582 -1.27088719097
33.066453162530024 0.279989092975 1.59866904594 -0.341515637726 -1.2293186288
33.10648518815052 0.342909308518 1.54319106309 -0.389750201574 -1.1790346899
33.14651721377102 0.403413632342 1.47799343129 -0.435799474849 -1.12016535489
33.18654923939151 0.461116302407 1.4032539375 -0.479323224203 -1.05289371527
33.22658126501201 0.515640020928 1.31922187505 -0.519989768604 -0.977467288935
33.266613290632506 0.566619329557 1.22623276838 -0.557478976206 -0.894209345694
33.306645316253004 0.613703709193 1.12471836739 -0.591484959485 -0.803526452353
33.3466773418735 0.656562360472 1.01521921463 -0.621720195868 -0.705917805943
33.38670936749399 0.694888269255 0.898388607839 -0.64791895345 -0.601977721298
33.42674139311449 0.728403310352 0.774997284387 -0.669841602268 -0.492398528968
33.46677341873499 0.756861850525 0.645924448585 -0.687277546169 -0.377962655845
33.506805444355486 0.780055905592 0.512155602618 -0.700049562443 -0.259539872476
33.54683746997598 0.79781872498 0.37476613594 -0.70801669021 -0.138073308124
33.586869495596474 0.810028150019 0.234904653974 -0.711076975357 -0.0145652067464
33.62690152121697 0.816609131356 0.0937711315282 -0.709169484532 0.109941422604
33.66693354683747 0.817535233329 -0.0474075559645 -0.702275477329 0.234383177166
33.70696557245797 0.812829277099 -0.187403111618 -0.690418863865 0.357697378811
33.746997598078465 0.802562841896 -0.325011836639 -0.673665716558 0.478843522289
33.787029623698956 0.786854791752 -0.459079097735 -0.652122981105 0.59682338421
33.827061649319454 0.76586882996 -0.588521092798 -0.625936389173 0.710698858099
33.86709367493995 0.739810382204 -0.712343439896 -0.595287821725 0.819607159358
33.90712570056045 0.708922620258 -0.829654554049 -0.560391969678 0.922771735235
33.94715772618095 0.673482195997 -0.9396744393 -0.521492759291 1.01950943072
33.98718975180144 0.633794681271 -1.04173838407 -0.478859537359 1.10923349529
34.027221777421936 0.590189962907 -1.13529580049 -0.432783220226 1.19145264097
34.06725380304243 0.54301777054 -1.2199047229 -0.383572550452 1.26576658013
34.10728582866293 0.492643520715 -1.29522260674 -0.331550609795 1.33185857279
34.14731785428343 0.439444459194 -1.36099520435 -0.277051573601 1.38948642641
34.18734987990392 0.383806561778 -1.41704186233 -0.220418078519 1.43847062736
34.22738190552442 0.32612176579 -1.46324175915 -0.16199885618 1.47868324869
34.267413931144915 0.266785895971 -1.49952053005 -0.102146926539 1.51003720727
34.30744595676541 0.206197014585 -1.52583746796 -0.0412181302291 1.5324760212
34.34747798238591 0.144754330388 -1.54217416187 0.0204298916461 1.54596476885
34.38751000800641 0.0828575120936 -1.54852638965 0.0824383975736 1.55048372448
34.4275420336269 0.0209061766588 -1.5448987808 0.144448113526 1.54602425992
34.4675740592474 -0.0407003643144 -1.53130248153 0.20609960037 1.53258722528
34.507606084867895 -0.101563355344 -1.50775632397 0.267033630118 1.51018419534
34.54763811048839 -0.161285080276 -1.47429138085 0.326891765791 1.47884147725
34.58767013610889 -0.219469402088 -1.43095822941 0.385316996787 1.43860633229
34.62770216172938 -0.275722776947 -1.37783708578 0.441954774103 1.38955552364
34.66773418734988 -0.329655643943 -1.31504974805 0.496454361759 1.33180532169
34.70776621297038 -0.380884375766 -1.24277311477 0.54847065701 1.2655227599
34.747798238590875 -0.429033763743 -1.16125304218 0.597666454048 1.19093712246
34.78783026421137 -0.473740046497 -1.07081776322 0.643715157471 1.10835101826
34.82786228983186 -0.514654453526 -0.971889880655 0.686303919617 1.01815022233
34.86789431545236 -0.551447182068 -0.864995977248 0.725137132132 0.920811492342
34.90792634107286 -0.583811713511 -0.750772666141 0.759940191503 0.816907382733
34.947958366693356 -0.611469249836 -0.629968987798 0.79046335614 0.707107989598
34.987990392313854 -0.634173179339 -0.503443667744 0.816485615894 0.592178382401
35.028022417934345 -0.651713407276 -0.372158456724 0.8378184395 0.472972748846
35.06805444355484 -0.663920129037 -0.237163849827 0.854309038334 0.35042214841
35.10808646917534 -0.67066714435 -0.0995842861518 0.865843242907 0.225521817818
35.14811849479584 -0.671874412053 0.0394034467465 0.872347723828 0.0993127651748
35.188150520416336 -0.667509622837 0.178593578027 0.873791379163 -0.0271381568056
35.22818254603683 -0.657588923772 0.316776150797 0.870185996874 -0.152759421603
35.268214571657325 -0.642176553955 0.452762339536 0.861585987048 -0.276496494657
35.30824659727782 -0.621383520254 0.585408473432 0.848087290896 -0.397332482098
35.34827862289832 -0.595365338603 0.713637662479 0.829825484113 -0.514306843502
35.38831064851882 -0.564318995179 0.836457944526 0.806973202011 -0.626531257883
35.42834267413931 -0.528479250913 0.9529760704 0.779736986427 -0.733201898177
35.468374699759806 -0.488114487177 1.06240642017 0.748353717851 -0.833607673347
35.508406725380304 -0.443522306546 1.16407501035 0.713086811359 -0.927134382073
35.5484387510008 -0.395025063435 1.25741867948 0.67422232161 -1.0132648289
35.5884707766213 -0.342965524255 1.34197990018 0.632065124334 -1.09157524819
35.62850280224179 -0.287702804929 1.41739806984 0.58693530118 -1.16172872404
35.66853482786229 -0.229608637507 1.48339895419 0.539164779986 -1.22346699278
35.708566853482786 -0.169064308663 1.5397788504 0.489094487409 -1.27659768037
35.748598879103284 -0.106458034091 1.58639341593 0.437071889046 -1.32098535301
35.78863090472378 -0.0421828877322 1.62314229142 0.383448950267 -1.3565388857
35.82866293034427 0.0233647437102 1.64995703699 0.328580544031 -1.38320144051
35.86869495596477 0.0897861741902 1.66679019002 0.272823300089 -1.40094122568
35.90872698158527 0.156681084724 1.67360669748 0.216534750465 -1.40974406878
35.948759007205766 0.223647902745 1.67037868284 0.160072730975 -1.40960859911
35.98879103282626 0.290284064658 1.65708341871 0.103794902883 -1.40054395617
36.028823058446754 0.356186174159 1.63370446711 0.0480583832889 -1.38256998751
36.06885508406725 0.420950434477 1.60023664346 -0.00678081233837 -1.3557205046
36.10888710968775 0.484173173894 1.55669365961 -0.0603683746696 -1.32004864814
36.14891913530825 0.545451794872 1.50311858984 -0.112352616033 -1.2756345269
36.188951160928745 0.604386245025 1.43959702795 -0.162385768287 -1.22259501677
36.228983186549236 0.660580981119 1.36627118445 -0.210125651648 -1.1610943344
36.269015212169734 0.713647528326 1.28335484498 -0.255237790614 -1.09135533401
36.30904723779023 0.763207636197 1.19114804312 -0.297397981424 -1.01367062311
36.34907926341073 0.808897040019 1.09005020176 -0.336295318464 -0.928412520669
36.38911128903123 0.850369633175 0.980570840504 -0.371635531571 -0.836041142681
36.42914331465172 0.887302032313 0.86333700709 -0.403144618911 -0.737109959245
36.469175340272216 0.919398366469 0.739096529254 -0.430572645453 -0.632268111094
36.50920736589271 0.946395109513 0.608716122036 -0.453697566372 -0.52225872939
36.54923939151321 0.968065696479 0.473174191512 -0.472328874184 -0.40791312927
36.58927141713371 0.984224766944 0.333548756829 -0.486310947799 -0.290141203669
36.62930344275421 0.994731882985 0.191000536165 -0.495525984588 -0.169918051168
36.6693354683747 0.999494275801 0.0467502984759 -0.499896165603 -0.0482661346911
36.709367493995195 0.998468938716 -0.0979444001128 -0.499385307616 0.073763042985
36.74939951961569 0.991663416932 -0.241816857482 -0.49399948779 0.195110674793
36.78943154523619 0.979135744086 -0.383617798706 -0.483786998442 0.314731559769
36.82946357085669 0.960993161755 -0.522141843859 -0.468837343547 0.43161493611
36.86949559647718 0.937389886234 -0.656251292522 -0.44927948498 0.544803228916
36.90952762209768 0.908523945697 -0.784896218424 -0.425279355122 0.653407928773
36.949559647718175 0.874633443079 -0.907130914543 -0.397036914784 0.756622631843
36.98959167333867 0.835992018924 -1.0221239872 -0.364782575879 0.853731141132
37.02962369895917 0.7929042142 -1.12916401472 -0.328773538548 0.944112116605
37.06965572457966 0.745700636139 -1.22765980277 -0.289289964154 1.02723952484
37.10968775020016 0.694733219253 -1.31713590176 -0.246631212414 1.10267940931
37.14971977582066 0.640370747461 -1.39722414831 -0.201112271332 1.17008357776
37.189751801441155 0.582994787383 -1.46765196859 -0.153060495525 1.22918078588
37.22978382706165 0.522996112893 -1.52822867025 -0.102812715796 1.27976637726
37.26981585268214 0.460771736398 -1.57883083878 -0.050712806938 1.32169125986
37.30984787830264 0.396722578275 -1.61938640482 0.00289026374878 1.3548498823
37.34987990392314 0.331251597122 -1.64986226485 0.0576440392127 1.37917101254
37.389911929543636 0.264762511132 -1.6702513201 0.113193739044 1.39460812789
37.429943955164134 0.197658969986 -1.68056252393 0.169183092706 1.40113218625
37.469975980784625 0.130344079792 -1.68081399659 0.225254920941 1.39872683958
37.51000800640512 0.0632200854682 -1.67102942012 0.281051617278 1.38738625541
37.55004003202562 -0.0033118062336 -1.65123763138 0.336215546922 1.36711546833
37.59007205764612 -0.0688516649756 -1.62147573756 0.390389519762 1.33793350926
37.630104083266616 -0.133001363582 -1.58179547191 0.443217519002 1.29987905852
37.67013610888711 -0.195365271289 -1.53227230881 0.494345584742 1.25301825016
37.710168134507605 -0.255551452172 -1.47301695461 0.543423119846 1.19745427991
37.7502001601281 -0.31317327378 -1.40418831006 0.590104537391 1.13333809993
37.7902321857486 -0.367851703683 -1.32600782653 0.634051473108 1.06088007226
37.8302642113691 -0.41921805487 -1.2387731829 0.674935356375 0.980360958493
37.87029623698959 -0.466917291085 -1.14287120123 0.712440429913 0.89214213645
37.910328262610086 -0.510611819192 -1.03878882417 0.746267151702 0.796674094386
37.950360288230584 -0.549985704406 -0.927120723112 0.776135918049 0.694502026345
37.99039231385108 -0.584749039979 -0.808573242311 0.801790887736 0.586268336187
38.03042433947158 -0.614642422199 -0.683963982931 0.823003861557 0.472711470687
38.07045636509207 -0.639441333456 -0.554216562045 0.839578052426 0.354660726607
38.11048839071257 -0.65896020723 -0.420350028034 0.851351555764 0.233026627607
38.150520416333066 -0.673055898877 -0.2834633097 0.858200292014 0.108787214856
38.190552441953564 -0.681630561861 -0.144716572893 0.86004043142 -0.0170281956462
38.23058446757406 -0.684633643198 -0.00530852947418 0.85683005216 -0.143358550733
38.27061649319455 -0.68206293236 0.133548155124 0.848569987541 -0.269132114322
38.31064851881505 -0.673964626667 0.270652167974 0.835303832786 -0.393288048269
38.35068054443555 -0.660432372077 0.404838276772 0.817117079418 -0.514797446395
38.390712570056046 -0.641605357481 0.535000150979 0.794135444805 -0.632682726615
38.43074459567654 -0.617665542658 0.660110013762 0.766522465661 -0.746034337164
38.470776621297034 -0.588834190771 0.779234283395 0.734476499633 -0.854024087824
38.51080864691753 -0.55536786214 0.891544579902 0.698227266605 -0.955914593533
38.55084067253803 -0.517554064813 0.996323732269 0.65803209342 -1.05106453185
38.59087269815853 -0.475706772939 1.09296664147 0.61417203822 -1.13892959591
38.630904723779025 -0.430161974759 1.1809784146 0.566948033937 -1.21906116273
38.67093674939952 -0.381273396878 1.25996467994 0.516677162526 -1.29109841374
38.710968775020014 -0.329408672195 1.32962276791 0.463689299324 -1.35476116479
38.75100080064051 -0.274945950947 1.38972856776 0.408324116223 -1.40983905868
38.79103282626101 -0.218271006364 1.4401237112 0.350928493786 -1.45618098898
38.83106485188151 -0.159774858424 1.4807008965 0.291854359786 -1.49368294478
38.871096877502005 -0.0998520398676 1.51139097478 0.231457062311 -1.52227727764
38.911128903122496 -0.038899266165 1.5321516254 0.170094078689 -1.54192323124
38.95116092874299 0.0226854154747 1.54295764391 0.108124125837 -1.55259877713
38.99119295436349 0.0845031590812 1.54379433669 0.0459065398032 -1.55429498566
39.03122497998399 0.146154715446 1.53465437015 -0.0161992233865 -1.54701322205
39.07125700560449 0.207240665094 1.51553720074 -0.077833945088 -1.53076444862
39.11128903122498 0.267361747289 1.48645222693 -0.138639070506 -1.50557158298
39.151321056845475 0.326119375017 1.44742504001 -0.19825727829 -1.47147440301
39.19135308246597 0.383116515776 1.39850711289 -0.256333357465 -1.42853731984
39.23138510808647 0.437958850891 1.3397860351 -0.31251525705 -1.376857465
39.27141713370697 0.490256500777 1.27139907303 -0.36645563545 -1.3165756739
39.31144915932746 0.539626080683 1.19354546907 -0.417813635315 -1.2478863551
39.35148118494796 0.585694041165 1.10650572557 -0.466257823984 -1.17105336389
39.391513210568455 0.6280998257 1.0106506146 -0.511468816584 -1.08641707283
39.43154523618895 0.66649958634 0.906451973194 -0.553142411755 -0.994403129335
39.47157726180945 0.700570592037 0.794492123439 -0.590993329587 -0.89553016669
39.51160928742994 0.730015901381 0.675467916946 -0.624759135406 -0.790413068182
39.55164131305044 0.754568320808 0.550190263851 -0.654203565358 -0.679762563715
39.59167333867094 0.773995601416 0.419579700353 -0.67912089458 -0.564381586851
39.631705364291435 0.788104272303 0.284656129356 -0.699339165021 -0.445156863185
39.67173738991193 0.796743589797 0.146523012926 -0.71472352247 -0.323045936603
39.71176941553242 0.799808286006 0.00634890460821 -0.725178556807 -0.199061978895
39.75180144115292 0.797240819141 -0.134655913185 -0.730650238109 -0.0742545445894
39.79183346677342 0.789032490588 -0.27526374672 -0.731126914316 0.050310525439
39.831865492393916 0.775223662737 -0.414255640342 -0.726639567084 0.17357278636
39.871897518014414 0.755902881833 -0.550446761644 -0.717261156711 0.294498342389
39.911929543634905 0.731205098361 -0.682709457212 -0.703105211087 0.412099181094
39.9519615692554 0.7013088378 -0.809995144693 -0.684323538045 0.52545169097
39.9919935948759 0.666432787209 -0.931349242059 -0.661103427847 0.633709523791
40.0320256204964 0.626831749233 -1.04592364853 -0.633664315779 0.736114564297
40.072057646116896 0.582792223359 -1.15298325481 -0.602254105569 0.832003057932
40.11208967173739 0.534627845484 -1.25190742539 -0.567145343733 0.920807658023
40.152121697357884 0.482674868456 -1.34218862544 -0.528631406304 1.00205713286
40.19215372297838 0.427287659694 -1.42342176205 -0.487022632837 1.075368487
40.23218574859888 0.368834940239 -1.49529674716 -0.442643075331 1.14044161452
40.27221777421938 0.307696168021 -1.55758432122 -0.39582731062 1.19704841215
40.31224979983987 0.244258583852 -1.61012279808 -0.346917780708 1.24502251395
40.352281825460366 0.178914795802 -1.65280310959 -0.296262544801 1.28424756956
40.392313851080864 0.112060970159 -1.68555492131 -0.244213512576 1.31464625724
40.43234587670136 0.0440955064229 -1.70833464237 -0.191125061548 1.33617069883
40.47237790232186 -0.0245818143833 -1.72111512921 -0.137353035346 1.34879415523
40.51240992794235 -0.0935702834903 -1.72387807224 -0.0832540629043 1.35250476944
40.55244195356285 -0.162468625008 -1.71661040037 -0.0291849639771 1.34730245762
40.592473979183346 -0.230875092027 -1.69930289506 0.0244976274971 1.33319748158
40.632506004803844 -0.298387687934 -1.67195298116 0.0774377231518 1.31021230689
40.67253803042434 -0.364604548622 -1.63457080679 0.129280560914 1.27838605728
40.71257005604484 -0.429124619653 -1.58718802209 0.179673385817 1.23778099816
40.75260208166533 -0.491548733237 -1.52986926242 0.228266532335 1.18849116033
40.79263410728583 -0.551481117227 -1.46272479695 0.274714812932 1.13065183805
40.832666132906326 -0.6085316471 -1.38592706073 0.318679576951 1.06445239893
40.87269815852682 -0.662318630036 -1.29972483461 0.359831063157 0.990146829424
40.91273018414732 -0.712472014518 -1.20445620445 0.397851047952 0.908063332125
40.95276220976781 -0.758637306822 -1.10056189702 0.432436118917 0.81861441601
40.99279423538831 -0.800479859352 -0.988594512934 0.463301172806 0.722303604907
41.03282626100881 -0.837689383906 -0.869224534553 0.490183073805 0.619729610154
41.072858286629305 -0.869985073063 -0.743241893749 0.512844775418 0.511586948116
41.1128903122498 -0.89712002376 -0.611551703235 0.531078855293 0.398662052991
41.152922337870294 -0.918885608419 -0.475165139722 0.544710993324 0.281825558719
41.19295436349079 -0.935115625936 -0.335185824186 0.553603262611 0.162021030173
41.23298638911129 -0.945689638826 -0.192790914577 0.557656750205 0.0402495965141
41.27301841473179 -0.950535354673 -0.0492079533876 0.556813409235 -0.0824486929717
41.313050440352285 -0.949630282776 0.0943095939501 0.551057328363 -0.205014512118
41.353082465972776 -0.943002142723 0.236509499241 0.540414999554 -0.326390939361
41.39311449159327 -0.930728326755 0.376167191424 0.524954833473 -0.445544503964
41.43314651721377 -0.912934271023 0.512110820835 0.504785806125 -0.561485098443
41.47317854283427 -0.889790860967 0.643243808558 0.480055338299 -0.673283852223
41.51321056845477 -0.861511104818 0.768563076147 0.450946597092 -0.780087562323
41.55324259407526 -0.828346076968 0.887172623545 0.417675219 -0.881129417999
41.593274619695755 -0.790580408079 0.998292198835 0.380485674772 -0.975735833694
41.63330664531625 -0.748527558344 1.10126058374 0.339647463985 -1.06332903084
41.67333867093675 -0.702525101088 1.19553395716 0.295451318613 -1.1434257478
41.71337069655725 -0.652930130621 1.28067981812 0.24820550391 -1.21563246539
41.75340272217774 -0.600114987051 1.3563672726 0.198232367669 -1.27963779558
41.79343474779824 -0.544463419634 1.42235481138 0.14586523275 -1.33520293227
41.833466773418735 -0.486367305146 1.47847616573 0.091445722774 -1.38215063956
41.87349879903923 -0.426223871113 1.52462584933 0.0353214795426 -1.42035404505
41.91353082465973 -0.36443356091 1.56074469437 -0.0221556231299 -1.44972550193
41.95356285028022 -0.301398580598 1.58680662437 -0.0806307410009 -1.47020650894
41.99359487590072 -0.237521686619 1.60280784917 -0.13974714454 -1.48175959211
42.03362690152122 -0.173205454479 1.60875836755 -0.199146943451 -1.48436209307
42.073658927141715 -0.108851882118 1.60467645406 -0.258471568948 -1.47800238932
42.11369095276221 -0.0448621282496 1.59058642343 -0.317362172887 -1.46267876312
42.1537229783827 0.0183637685605 1.56651964064 -0.375460066971 -1.43840088047
42.1937550040032 0.080427243068 1.53251916435 -0.432407249911 -1.40519418913
42.2337870296237 0.140931801935 1.48864739646 -0.48784715815 -1.36310671096
42.273819055244196 0.199483992379 1.43499619135 -0.541425737954 -1.31221776938
42.313851080864694 0.255694825483 1.37169892414 -0.592792905263 -1.25264822892
42.353883106485185 0.309181707959 1.29894389341 -0.641604434489 -1.18457172306
42.39391513210568 0.35957091656 1.21698821025 -0.687524300083 -1.10822616529
42.43394715772618 0.406500620838 1.12617117584 -0.730227470256 -1.02392471697
42.47397918334668 0.449624417553 1.02692612989 -0.769403117343 -0.93206537036
42.514011208967176 0.488615294546 0.919789805557 -0.804758172174 -0.833138351993
42.55404323458767 0.523169903416 0.805408310934 -0.836021118273 -0.727730623542
42.594075260208164 0.553012988785 0.684539114186 -0.862945896334 -0.61652697575
42.63410728582866 0.577901812522 0.558048462483 -0.885315781156 -0.500307252264
42.67413931144916 0.597630421984 0.426902311426 -0.902947095518 -0.37993809542
42.71417133706966 0.612033249663 0.292155094224 -0.915692349118 -0.256362893429
42.754203362690156 0.620988474373 0.154932351921 -0.923443145487 -0.130586556497
42.794235388310646 0.624420396319 0.0164099906562 -0.926132235746 -0.00365747408842
42.834267413931144 0.62230102189 -0.122209170798 -0.923734884738 0.123352795274
42.87429943955164 0.614650623657 -0.259720367699 -0.916269351482 0.24937109816
42.91433146517214 0.601537326226 -0.394941683988 -0.903796528043 0.373344104867
42.95436349079264 0.583075711967 -0.526737967621 -0.886418731207 0.494258996343
42.99439551641313 0.559424488892 -0.6540420897 -0.864277681691 0.611161918623
43.034427542033626 0.53078352545 -0.775872056371 -0.837551931843 0.723172933314
43.074459567654124 0.497389901367 -0.891345951448 -0.806453433376 0.829499213127
43.11449159327462 0.459513959416 -0.999688605246 -0.771224093502 0.929441177605
43.15452361889512 0.417454843824 -1.1002361465 -0.732131869847 1.02239691225
43.19455564451561 0.371536054744 -1.19243471817 -0.689466858334 1.10786162169
43.23458767013611 0.322101161713 -1.27583498095 -0.643537493302 1.18542350234
43.274619695756606 0.269509721459 -1.35008405071 -0.594666905774 1.25475741094
43.3146517213771 0.214133728474 -1.41491257426 -0.54318970172 1.31561433985
43.3546837469976 0.15635448047 -1.47012243491 -0.4894490889 1.36781136001
43.39471577261809 0.0965600290996 -1.51557286014 -0.433794482255 1.41122010515
43.43474779823859 0.0351431190331 -1.55116702108 -0.376579515799 1.44575555032
43.47477982385909 -0.0275002869739 -1.57683939469 -0.318160546659 1.47136531875
43.514811849479585 -0.0909720480646 -1.59254527668 -0.258895530882 1.48802066512
43.55484387510008 -0.154872510981 -1.59825280552 -0.199143224389 1.49570943683
43.594875900720574 -0.218800920878 -1.59393808708 -0.139262615376 1.49443152433
43.63490792634107 -0.282355682717 -1.57958330799 -0.0796125007199 1.48419669846
43.67493995196157 -0.345134646698 -1.55517844145 -0.0205510692043 1.46502535796
43.71497197758207 -0.406735487613 -1.52072611056 0.0375645658824 1.43695183058
43.755004003202565 -0.466756368556 -1.47624960972 0.0943790394293 1.40003024972
43.795036028823056 -0.524796967188 -1.42180350101 0.149539675639 1.35434254413
43.83506805444355 -0.580460046116 -1.35748680134 0.202697849646 1.30000853899
43.87510008006405 -0.633353355209 -1.28345601652 0.253510588774 1.2371960349
43.91513210568455 -0.683092336937 -1.1999406245 0.301642815366 1.16613285519
43.95516413130505 -0.72930332126 -1.10725702797 0.34676996176 1.08711776091
43.99519615692554 -0.771627257177 -1.00582115151 0.388581007403 1.00053034482
44.035228182546035 -0.809723871799 -0.896158477855 0.426781851666 0.906838938082
44.07526020816653 -0.843276202138 -0.778910699612 0.461098981655 0.806605871931
44.11529223378703 -0.871995390559 -0.654838327724 0.491283350101 0.700489555382
44.15532425940753 -0.895625649384 -0.524818575349 0.517114390918 0.589242823336
44.19535628502802 -0.913948174568 -0.389836273243 0.5384031892 0.473705772286
44.23538831064852 -0.926785632944 -0.250971969608 0.554996123384 0.354796334261
44.275420336269015 -0.93400558485 -0.109384218167 0.566777655028 0.233496223521
44.31545236188951 -0.935523194661 0.0337120652712 0.573672555024 0.110833727491
44.35548438751001 -0.931302930265 0.177070577108 0.575647324424 -0.0121362018282
44.3955164131305 -0.921359386503 0.319439492159 0.572710915189 -0.134352621301
44.435548438751 -0.905756921002 0.459588420904 0.564914501756 -0.254770210465
44.4755804643715 -0.884608291336 0.596333835557 0.552350449265 -0.372379745394
44.515612489991994 -0.858072313764 0.728562144378 0.535150492346 -0.48622678116
44.55564451561249 -0.826350635469 0.855248928948 0.513483193282 -0.595427364059
44.59567654123298 -0.789683873156 0.975473816509 0.487550878973 -0.69918033949
44.63570856685348 -0.748347132536 1.08843035504 0.457586063851 -0.796775759935
44.67574059247398 -0.70264564923 1.19343012321 0.423847949609 -0.887598706581
44.715772618094476 -0.652909783056 1.28990272668 0.386618384179 -0.971129941821
44.755804643714974 -0.599490470027 1.37739060864 0.346198160415 -1.04694240622
44.79583666933547 -0.542754678546 1.4555394945 0.302903285332 -1.11469428754
44.83586869495596 -0.483082054568 1.52408792384 0.257062193635 -1.1741212324
44.87590072057646 -0.420860735372 1.58285140103 0.209012235935 -1.22502445924
44.91593274619696 -0.356484940567 1.63170838636 0.159097587414 -1.26726012611
44.955964771817456 -0.290352835032 1.67058601453 0.107667345501 -1.30072847551
44.995996797437954 -0.222864796629 1.69944631435 0.0550739267619 -1.32536337279
45.036028823058444 -0.154422202514 1.71827420676 0.00167185611255 -1.34112321186
45.07606084867894 -0.0854267350032 1.72706816849 -0.0521830467157 -1.34798387545
45.11609287429944 -0.0162799718852 1.7258338406 -0.106134268526 -1.34593399506
45.15612489991994 0.0526168149468 1.71458100118 -0.159825050798 -1.33497283927
45.196156925540436 0.120862829703 1.69332386186 -0.212898824617 -1.31511079362
45.236188951160926 0.188057987815 1.66208477674 -0.264999704004 -1.28637250013
45.276220976781424 0.253803368599 1.62090119835 -0.315773163471 -1.2488025146
45.31625300240192 0.317702029973 1.56983563351 -0.364866999928 -1.20247327649
45.35628502802242 0.379360240615 1.50898760185 -0.411932635804 -1.14749459919
45.39631705364292 0.438389246751 1.43850737893 -0.456626838925 -1.08402448565
45.43634907926341 0.494407484338 1.35860983767 -0.498613777816 -1.01227993282
45.476381104883906 0.547043560076 1.26958949034 -0.537567708746 -0.932548572327
45.516413130504404 0.595939686586 1.17183340215 -0.573175986437 -0.845198515274
45.5564451561249 0.64075559547 1.0658321094 -0.605142439689 -0.750686500629
45.5964771817454 0.681172867289 0.952187483134 -0.633191057332 -0.649563497612
45.63650920736589 0.716899486921 0.831616503203 -0.657069823982 -0.542476956596
45.67654123298639 0.747674438246 0.704950365 -0.676554554551 -0.430169263708
45.716573258606886 0.773272130145 0.573128735783 -0.691452559372 -0.313472278743
45.75660528422738 0.793506636577 0.437188568377 -0.701606128597 -0.193297466659
45.79663730984788 0.808235244346 0.298248537954 -0.706895422614 -0.0706225589747
45.83666933546837 0.817361347916 0.157488586585 -0.707240805005 0.0535256898819
45.87670136108887 0.820836395912 0.0161271678776 -0.702604383558 0.178090511544
45.91673338670937 0.818660959876 -0.124604466391 -0.692990817786 0.302006457932
45.956765412329865 0.810884726753 -0.263487614266 -0.678447238857 0.424220325448
45.99679743795036 0.79760549066 -0.39934226699 -0.659062340754 0.543712657829
46.036829463570854 0.778967121214 -0.531049717601 -0.634964635264 0.659516277238
46.07686148919135 0.755156702482 -0.657572799137 -0.606320025515 0.770732836711
46.11689351481185 0.726400931364 -0.777971667068 -0.573328775088 0.876545699129
46.15692554043235 0.692961989223 -0.89141481399 -0.536222047755 0.976228909405
46.196957566052845 0.655133114083 -0.997185529518 -0.495258203473 1.06915245033
46.236989591673336 0.613233804334 -1.09468157093 -0.450718794409 1.15478196225
46.27702161729383 0.56760550815 -1.18341284449 -0.402904956902 1.23267687353
46.31705364291433 0.518607155346 -1.26299327728 -0.352133673419 1.30248380692
46.35708566853483 0.466611219601 -1.33313019568 -0.298734465703 1.36392798904
46.39711769415533 0.412000239792 -1.39361145547 -0.243046458645 1.41680285655
46.43714971977582 0.355163861006 -1.44429140838 -0.18541586241 1.46095874195
46.477181745396315 0.296496469956 -1.48507684274 -0.126193934683 1.49629157348
46.51721377101681 0.236395358595 -1.51591352759 -0.0657353656388 1.52273209345
46.55724579663731 0.175259406951 -1.5367743872 -0.00439707848798 1.54023643417
46.59727782225781 0.113488210816 -1.54765000189 0.0574626167893 1.5487786161
46.6373098478783 0.0514815020028 -1.54854170073 0.119484640703 1.54834517918
46.6773418734988 -0.0103611989065 -1.53945808505 0.181309583983 1.53893263216
46.717373899119295 -0.0716408403537 -1.52041448396 0.242578084959 1.52054730566
46.75740592473979 -0.131959178182 -1.49143612763 0.302931285826 1.49320824415
46.79743795036029 -0.190919269948 -1.45256398438 0.362011426717 1.45695227175
46.83746997598078 -0.248126261787 -1.40386354906 0.419462690868 1.41184145771
46.87750200160128 -0.303188591391 -1.34543626058 0.474932401921 1.3579727096
46.91753402722178 -0.355719689939 -1.27743255702 0.528072638833 1.29548867323
46.957566052842274 -0.405340222186 -1.20006561986 0.578542298361 1.22458915407
46.99759807846277 -0.451680873401 -1.1136250246 0.62600961074 1.14554240922
47.03763010408327 -0.494385664843 -1.01848946653 0.670155091734 1.05869561966
47.07766212970376 -0.533115744536 -0.915137571444 0.710674884812 0.964483722309
47.11769415532426 -0.567553557447 -0.804155769927 0.74728441157 0.863435757201
47.157726180944756 -0.597407258018 -0.686242372768 0.779722214757 0.756178016548
47.197758206565254 -0.622415188625 -0.562207545395 0.807753846486 0.643433749217
47.23779023218575 -0.642350311981 -0.432967177748 0.831175703717 0.526017741832
47.27782225780624 -0.657024220118 -0.29953322455 0.849818501163 0.404827939941
47.31785428342674 -0.666290672962 -0.16299915463 0.863550337889 0.280832960634
47.35788630904724 -0.670048555346 -0.0245208257204 0.872279263585 0.155055754718
47.397918334667736 -0.668243867701 0.114706338726 0.875955020725 0.0285541401681
47.437950360288234 -0.66087083752 0.253471392162 0.874570037975 -0.0975997233293
47.477982385908724 -0.647972092537 0.390572986562 0.868159620905 -0.222340816835
47.51801441152922 -0.629637677427 0.524844210253 0.856801152241 -0.344632575976
47.55804643714972 -0.606003313884 0.655175604458 0.84061264111 -0.463486734384
47.59807846277022 -0.577247811921 0.780535345387 0.819750538444 -0.577980859991
47.638110488390716 -0.543589321061 0.899984245483 0.794406543415 -0.687271649747
47.678142514011206 -0.505281477373 1.01268726162 0.764804302463 -0.79060531543
47.718174539631704 -0.462609195508 1.11791982911 0.731195778703 -0.887323669473
47.7582065652522 -0.415884194021 1.21506919108 0.6938573656 -0.976866038373
47.7982385908727 -0.365440508179 1.30363103944 0.653085957161 -1.05876723661
47.8382706164932 -0.311630293546 1.38320223883 0.609195231195 -1.1326522081
47.87830264211369 -0.254819991857 1.45347060539 0.562512209506 -1.19822812932
47.918334667734186 -0.195386949408 1.5142022584 0.513374170764 -1.25527438181
47.958366693354684 -0.133716517328 1.56522801756 0.462125949279 -1.30363161428
47.99839871897518 -0.0701997466362 1.60642926676 0.409117713349 -1.34319020853
48.03843074459568 -0.00523163279579 1.63772451028 0.35470319495 -1.37387917552
48.07846277021617 0.0607901092357 1.65905763232 0.299238361552 -1.3956563073
48.11849479583667 0.127465772626 1.67038872466 0.243080508006 -1.40850028664
48.158526821457166 0.194394310692 1.67168712604 0.186587427434 -1.41240454133
48.19855884707766 0.261173594895 1.66292767998 0.130116922416 -1.40737357983
48.23859087269816 0.327400565008 1.64409065769 0.074026432843 -1.39342222085
48.27862289831865 0.392671535214 1.61516503594 0.0186725678403 -1.3705775016
48.31865492393915 0.456582656182 1.57615470598 -0.0355894624097 -1.33888290829
48.35868694955965 0.518730683789 1.52708812295 -0.0884066254801 -1.29840535476
48.398718975180145 0.578714199893 1.46803011532 -0.139429180601 -1.24924389925
48.43875100080064 0.636135338994 1.39909564152 -0.188312167583 -1.19154003534
48.478783026421134 0.690602070287 1.3204644644 -0.234717311672 -1.12548875153
48.51881505204163 0.741731117162 1.23239620335 -0.278315413204 -1.05134992387
48.55884707766213 0.789151490701 1.13524417009 -0.318789200382 -0.969458808398
48.59887910328263 0.832508253092 1.02946688338 -0.355836348842 -0.880234758642
48.638911128903125 0.871467277699 0.915638255112 -0.389173278171 -0.784188906287
48.678943154523616 0.905719721001 0.794451671296 -0.418538699599 -0.681927141355
48.71897518014411 0.934986915559 0.666720850198 -0.443697494003 -0.574150573268
48.75900720576461 0.959025107268 0.533375177692 -0.464444457113 -0.461651699205
48.79903923138511 0.977629908929 0.395449780774 -0.4806078163 -0.345306479002
48.83907125700561 0.990640254661 0.254070544428 -0.492052351222 -0.22606247301
48.8791032826261 0.997941660197 0.110434297658 -0.498681965515 -0.104923213049
48.919135308246595 0.999468539308 -0.0342150208094 -0.500441515077 0.0170705602828
48.95916733386709 0.995205642926 -0.17861150863 -0.49731794639 0.138860690968
48.99919935948759 0.9851883875 -0.321494602384 -0.489340560179 0.259393082038
49.03923138510809 0.969502090221 -0.4616360934 -0.476580415236 0.377638955579
49.079263410728586 0.948280158329 -0.597865064254 -0.459148908856 0.492614499319
49.11929543634908 0.921701360734 -0.72908995732 -0.437195633599 0.603398285242
49.159327461969575 0.889986292397 -0.854316624108 -0.410905596089 0.709145563891
49.19935948759007 0.853393153799 -0.972661265651 -0.380495892215 0.809098585636
49.23939151321057 0.812213171581 -1.08335821581 -0.346212093304 0.902592910159
49.27942353883107 0.766765807863 -1.185762527 -0.308324457793 0.989059675022
49.31945556445156 0.717393961844 -1.27934754592 -0.267124126464 1.06802397119
49.35948759007206 0.664459369397 -1.36369804496 -0.222919460828 1.1390997686
49.399519615692554 0.608338267868 -1.43850078226 -0.176032579509 1.20198285202
49.43955164131305 0.549417670128 -1.50352928076 -0.126796349207 1.25643928496
49.47958366693355 0.488092123636 -1.55863165506 -0.0755517504198 1.30229625898
49.51961569255404 0.424761040241 -1.60371458839 -0.0226456675662 1.33942998303
49.55964771817454 0.359826608594 -1.63872935284 0.0315708804984 1.36775520515
49.599679743795036 0.293692311871 -1.66365845985 0.0867440573736 1.38721527626
49.639711769415534 0.226761902604 -1.67850455047 0.142518187784 1.39777399706
49.67974379503603 0.159438768733 -1.68328218533 0.198536453773 1.3994097729
49.71977582065652 0.0921255546606 -1.67801271056 0.254441414675 1.39211221853
49.75980784627702 0.0252239803566 -1.66272224148 0.309875397256 1.37588123596
49.79983987189752 -0.040865435619 -1.63744346862 0.364480989649 1.35072910555
49.839871897518016 -0.105743677985 -1.60222041856 0.417901581542 1.31668489562
49.879903923138514 -0.169013846553 -1.55711635174 0.469782170508 1.27380131005
49.919935948759004 -0.230282121462 -1.50222423361 0.519770472198 1.22216351659
49.9599679743795 -0.289159212298 -1.43767937592 0.567518440745 1.16189962247
50.0 -0.345262329485 -1.36367316065 0.612684212816 1.09319188728
