72528 BUF Buffalo Int Observations at 00Z 22 Dec 2017
   PRES   HGHT   TEMP   DWPT   RELH   MIXR   DRCT   SKNT   THTA   THTE   THTV
    hPa     m      C      C      %    g/kg    deg   knot     K      K      K 
  997.0    215   -1.5   -5.9     72   2.48     45      5  271.9  278.8  272.3
  993.0    247   -2.1   -6.6     71   2.36     49      5  271.6  278.2  272.0
  948.9    610   -4.9   -9.5     70   1.97     90     11  272.3  277.9  272.6
  946.0    635   -5.1   -9.7     70   1.94     95     11  272.3  277.9  272.7
  931.0    762   -5.5   -9.6     73   1.99    120      9  273.2  278.9  273.5
  925.0    813   -5.7  -10.1     71   1.93    130      8  273.5  279.0  273.8
  913.1    914   -5.7  -10.9     67   1.83    165      8  274.5  279.8  274.8
  901.0   1019   -5.7  -11.7     63   1.74    201      6  275.5  280.6  275.8
  881.0   1194   -7.1  -15.1     53   1.35    261      2  275.9  279.8  276.1
  878.2   1219   -7.2  -14.4     56   1.43    270      2  276.0  280.2  276.2
  865.0   1337   -7.7  -11.2     76   1.89    286      8  276.7  282.2  277.0
  852.0   1455   -6.5   -9.0     82   2.28    302     14  279.1  285.8  279.5
  850.0   1473   -6.3   -8.7     83   2.34    305     15  279.5  286.3  279.9
  844.5   1524   -6.3   -8.7     83   2.36    305     15  280.1  286.9  280.4
  835.0   1612   -6.3   -8.7     83   2.38    299     16  281.0  287.9  281.4
  812.0   1829   -7.9  -10.5     81   2.12    285     19  281.5  287.8  281.9
  784.0   2102   -9.9  -12.8     79   1.83    272     24  282.2  287.7  282.5
  780.7   2134   -9.5  -12.2     81   1.93    270     25  283.0  288.8  283.3
  772.0   2221   -8.3  -10.5     84   2.24    269     30  285.2  291.8  285.6
  756.0   2384   -7.9   -9.8     86   2.41    266     38  287.3  294.6  287.7
  750.7   2438   -8.2  -10.1     86   2.38    265     41  287.6  294.7  288.0
  726.0   2697   -9.5  -11.3     87   2.23    265     53  288.9  295.7  289.3
  721.8   2743   -8.9  -10.4     89   2.41    265     55  290.1  297.4  290.5
  714.0   2827   -7.7   -8.8     92   2.77    265     54  292.3  300.7  292.8
  700.0   2981   -6.9   -7.8     93   3.05    265     53  294.8  304.1  295.4
  699.0   2992   -7.1   -8.0     93   3.01    265     53  294.7  303.9  295.2
  640.7   3658  -11.3  -12.6     90   2.28    270     52  297.4  304.5  297.8
  591.6   4267  -15.1  -16.8     86   1.74    270     54  299.8  305.4  300.1
  568.5   4572  -17.0  -18.9     85   1.51    270     56  301.0  306.0  301.3
  553.0   4783  -18.3  -20.4     84   1.37    273     59  301.9  306.4  302.1
  546.0   4877  -18.8  -20.9     83   1.33    275     60  302.4  306.7  302.6
  500.0   5530  -22.3  -24.8     80   1.03    280     68  305.8  309.3  306.0
  494.0   5618  -22.5  -25.2     79   1.00    280     69  306.6  310.0  306.8
  462.6   6096  -25.9  -27.8     84   0.84    280     74  308.2  311.1  308.4
  457.0   6184  -26.5  -28.3     85   0.82    280     75  308.5  311.3  308.6
  433.0   6570  -29.5  -34.1     64   0.50    278     79  309.5  311.3  309.6
  416.0   6854  -31.3  -34.6     73   0.49    276     82  310.7  312.5  310.8
  400.0   7130  -33.3  -37.0     69   0.40    275     85  311.6  313.1  311.7
  377.0   7544  -36.5  -41.5     60   0.27    275     94  312.7  313.7  312.8
  372.8   7620  -37.1  -42.0     61   0.26    275     96  312.9  313.9  313.0
  345.0   8153  -41.3  -45.1     67   0.20    279    104  314.2  315.0  314.3
  335.0   8353  -42.7  -51.7     37   0.10    280    107  315.0  315.4  315.0
  322.0   8619  -45.1  -54.1     36   0.08    282    112  315.2  315.6  315.3
  301.0   9068  -46.9  -59.9     21   0.04    285    119  318.8  319.0  318.9
  300.0   9090  -46.9  -59.9     21   0.04    285    119  319.1  319.3  319.1
  297.5   9144  -47.1  -60.2     21   0.04    285    120  319.6  319.7  319.6
  268.0   9830  -50.1  -64.1     18   0.03    285    127  324.9  325.1  324.9
  250.0  10280  -52.7  -65.7     19   0.02    285    132  327.6  327.7  327.6
  246.8  10363  -53.2  -65.9     20   0.02    290    133  328.0  328.1  328.1
  245.0  10410  -53.5  -66.0     20   0.02    290    133  328.3  328.4  328.3
  240.0  10542  -54.3  -66.3     21   0.02    290    131  329.0  329.1  329.0
  200.0  11710  -54.1  -68.1     16   0.02    290    112  346.9  347.0  346.9
  194.6  11887  -54.1  -68.9     15   0.02    285    101  349.7  349.8  349.7
  193.0  11939  -54.1  -69.1     14   0.02    285    102  350.5  350.6  350.5
  189.0  12074  -52.7  -68.7     13   0.02    283    104  354.8  354.9  354.9
  180.0  12390  -52.1  -67.1     15   0.03    281    109  360.8  360.9  360.8
  177.1  12497  -50.8  -65.8     15   0.03    280    111  364.6  364.8  364.6
  175.0  12573  -49.9  -64.9     15   0.04    280    110  367.3  367.5  367.4
  169.0  12801  -50.3  -67.3     12   0.03    280    107  370.4  370.5  370.4
  163.0  13038  -49.1  -67.1     10   0.03    280    104  376.2  376.4  376.2
  150.0  13580  -52.5  -68.5     13   0.03    280     96  379.4  379.5  379.4
  149.0  13623  -52.9  -68.9     13   0.02    280     95  379.4  379.6  379.4
  147.0  13711  -51.9  -68.9     11   0.02    280     94  382.6  382.8  382.6
  139.0  14072  -53.1  -70.1     11   0.02    281     89  386.7  386.8  386.7
  127.0  14649  -56.7  -74.7      9   0.01    283     80  390.3  390.4  390.3
  125.0  14750  -56.1  -73.1     10   0.02    284     78  393.2  393.3  393.2
  119.0  15062  -57.1  -74.1     10   0.01    284     74  396.9  397.0  396.9
  115.7  15240  -55.6  -72.6     10   0.02    285     71  402.8  402.9  402.8
  115.0  15279  -55.3  -72.3     10   0.02    285     70  404.1  404.2  404.1
  103.0  15975  -59.7  -75.7     11   0.01    281     61  408.6  408.7  408.6
  100.0  16160  -58.9  -75.9      9   0.01    280     59  413.6  413.7  413.7
   98.7  16242  -57.3  -75.3      8   0.01    279     60  418.3  418.4  418.3
   95.4  16459  -58.7  -75.9      9   0.01    275     63  419.6  419.7  419.6
   94.9  16490  -58.9  -76.0      9   0.01    275     63  419.8  419.9  419.8
   94.5  16516  -59.1  -76.1      9   0.01    275     63  420.0  420.1  420.0
   90.5  16788  -57.3  -74.3     10   0.02    277     59  428.8  428.9  428.8
   80.8  17500  -60.3  -76.3     11   0.01    283     50  436.8  436.9  436.8
   78.0  17720  -60.3  -76.3     11   0.02    285     47  441.2  441.3  441.2
   76.4  17850  -57.7  -74.7     10   0.02    286     45  449.2  449.4  449.2
   71.3  18288  -59.0  -75.2     11   0.02    290     39  455.6  455.7  455.6
   70.0  18400  -59.3  -75.3     11   0.02    285     40  457.2  457.3  457.2
   67.6  18618  -59.9  -76.9      9   0.02    283     34  460.5  460.6  460.5
   64.6  18898  -57.5  -75.4      9   0.02    280     27  471.5  471.7  471.5
   64.1  18951  -57.1  -75.1      8   0.02    278     28  473.6  473.8  473.6
   61.6  19202  -58.7  -75.7      9   0.02    270     31  475.5  475.7  475.5
   61.6  19201  -58.7  -75.7      9   0.02    270     31  475.5  475.7  475.5
   58.7  19507  -57.3  -75.2      9   0.02    285     40  485.3  485.4  485.3
   55.1  19905  -55.5  -74.5      8   0.03    301     28  498.2  498.4  498.2
   53.3  20117  -56.2  -75.2      7   0.03    310     21  501.4  501.6  501.4
   50.8  20422  -57.2  -76.2      7   0.02    300     16  506.1  506.2  506.1
   50.0  20520  -57.5  -76.5      7   0.02    305     14  507.5  507.7  507.6
   48.4  20726  -57.9  -76.9      7   0.02    310     16  511.4  511.6  511.4
   47.5  20844  -58.1  -77.1      7   0.02    324     18  513.6  513.8  513.6
   46.1  21031  -56.1  -76.9      6   0.02    345     20  522.8  523.0  522.8
   45.2  21160  -54.7  -76.7      5   0.02    343     20  529.2  529.4  529.2
   44.0  21336  -54.4  -77.1      4   0.02    340     20  534.0  534.2  534.0
   41.9  21647  -53.9  -77.9      4   0.02    336     25  542.7  542.9  542.8
   41.9  21641  -53.9  -77.9      4   0.02    335     25  542.6  542.8  542.6
   40.0  21946  -55.4  -79.4      4   0.02     25     15  546.3  546.4  546.3
   36.3  22555  -58.5  -82.5      3   0.01      0      7  553.5  553.6  553.5
   34.8  22825  -59.9  -83.9      3   0.01    356     16  556.6  556.7  556.6
   34.6  22860  -59.8  -83.9      3   0.01    355     17  557.8  557.9  557.8
   33.0  23165  -59.0  -83.5      3   0.01     20     30  567.6  567.7  567.6
   31.1  23531  -58.1  -83.1      3   0.01     20     26  579.7  579.8  579.7
   30.0  23760  -55.5  -82.5      2   0.01     20     24  592.7  592.9  592.8
   29.9  23774  -55.6  -82.5      2   0.01      5     26  592.9  593.1  592.9
   28.5  24079  -57.0  -83.3      2   0.01     40     28  597.1  597.2  597.1
   28.1  24176  -57.5  -83.5      2   0.01     38     29  598.4  598.5  598.4
   27.2  24384  -56.6  -83.5      2   0.01     35     32  606.5  606.6  606.5
   26.1  24645  -55.5  -83.5      2   0.01     26     31  616.8  616.9  616.8
   25.9  24689  -55.8  -83.6      2   0.01     25     31  617.3  617.4  617.3
   24.6  25020  -57.7  -84.7      2   0.01     25     32  621.0  621.1  621.0
   22.4  25603  -58.9  -85.4      2   0.01     25     34  634.2  634.3  634.2
   20.0  26320  -60.3  -86.3      2   0.01     30     38  650.9  651.0  650.9
   17.9  27010  -61.1  -87.1      2   0.01     33     39  669.3  669.4  669.3
   16.7  27432  -59.0  -86.6      2   0.01     35     40  689.3  689.4  689.3
   16.5  27519  -58.5  -86.5      2   0.01     35     41  693.5  693.6  693.5
   14.1  28504  -60.1  -87.1      2   0.01     31     49  719.9  720.1  719.9
   13.8  28651  -59.7  -87.0      2   0.02     30     50  726.1  726.3  726.1
   13.0  29012  -58.7  -86.7      2   0.02     38     46  741.6  741.8  741.7
   12.3  29362  -55.9  -86.9      1   0.02     46     41  763.3  763.5  763.3
   11.9  29566  -57.0  -86.9      1   0.02     50     39  766.6  766.8  766.6
   10.8  30175  -60.1  -87.1      2   0.02     45     36  776.5  776.8  776.5
   10.5  30357  -61.1  -87.1      2   0.02     39     40  779.5  779.7  779.5
   10.3  30480  -61.3  -87.3      2   0.02     35     42  783.3  783.5  783.3
   10.0  30660  -61.5  -87.5      2   0.02     40     43  789.0  789.2  789.0
    8.1  32004  -61.7  -87.7      2   0.02     55     52  838.7  839.0  838.7
    7.9  32120  -61.7  -87.7      2   0.02                843.1  843.4  843.1